0.000158
6.5e-05
0.000835
4.6e-05
4.1e-05
1.9e-05
2e-05
2.2e-05
2.3e-05
2.8e-05
2.6e-05
2e-05
2.3e-05
4.1e-05
3.9e-05
4e-05
4.3e-05
4e-05
3.3e-05
3.5e-05
4.6e-05
3.4e-05
3.4e-05
4.4e-05
2.1e-05
2e-05
3.1e-05
2.5e-05
2.2e-05
8e-05
4.5e-05
2.6e-05
2.4e-05
5e-05
2.1e-05
5.2e-05
6.1e-05
4.5e-05
8.2e-05
3.5e-05
6.5e-05
2.1e-05
3.9e-05
4.9e-05
4.3e-05
4e-05
5.1e-05
4.4e-05
2.7e-05
2.4e-05
5.9e-05
2.7e-05
2.2e-05
3.7e-05
3.7e-05
3.8e-05
2.2e-05
2e-05
2.1e-05
5.2e-05
4.1e-05
8.9e-05
4e-05
4.2e-05
3e-05
2e-05
3.2e-05
2.1e-05
2.9e-05
1.9e-05
4.4e-05
5.4e-05
3.2e-05
2.2e-05
2e-05
2.2e-05
2.2e-05
4.5e-05
2.6e-05
2e-05
2.1e-05
2.7e-05
2.8e-05
4.9e-05
6.2e-05
4.9e-05
2.7e-05
2.8e-05
5.9e-05
6.7e-05
3.3e-05
2.8e-05
4.6e-05
2.2e-05
5.3e-05
6e-05
2.1e-05
5.1e-05
6.2e-05
4.9e-05
6.1e-05
6.1e-05
2.2e-05
3.7e-05
7.5e-05
3.9e-05
4e-05
7.3e-05
3.2e-05
3e-05
8e-05
4.1e-05
2.2e-05
5.3e-05
2e-05
5.7e-05
5e-05
5.7e-05
5.7e-05
5e-05
3.6e-05
4.3e-05
7.2e-05
6.4e-05
2.1e-05
5.7e-05
8e-05
4.6e-05
3.6e-05
0.000154
8.3e-05
4.1e-05
9e-05
6.7e-05
2.6e-05
4.1e-05
7.5e-05
0.000107
5.8e-05
0.000125
5.5e-05
3.7e-05
4.4e-05
6.1e-05
3.2e-05
2.6e-05
3.8e-05
2.2e-05
2e-05
3.4e-05
4.4e-05
2.1e-05
1.7e-05
3.4e-05
5.5e-05
2.3e-05
5.5e-05
4.3e-05
2.3e-05
2e-05
4.6e-05
4.7e-05
4.7e-05
2.3e-05
4.5e-05
6e-05
2e-05
5e-05
2.3e-05
3.4e-05
2.2e-05
4.3e-05
2.3e-05
4.7e-05
4.7e-05
4.6e-05
4.6e-05
4.6e-05
4.7e-05
1.8e-05
2.2e-05
5.2e-05
4.5e-05
2.2e-05
2.2e-05
2.1e-05
2.4e-05
4.2e-05
2.5e-05
2.4e-05
2e-05
2.1e-05
5.6e-05
5.9e-05
6e-05
1.9e-05
2.6e-05
5.9e-05
5.7e-05
5.7e-05
2e-05
5.1e-05
7.8e-05
2.1e-05
2.1e-05
2.2e-05
2e-05
1.9e-05
2e-05
5.9e-05
2.5e-05
2.1e-05
1.7e-05
4.4e-05
4.3e-05
4.7e-05
2e-05
3.3e-05
2.1e-05
2.1e-05
3.1e-05
4.5e-05
5.7e-05
0.000115
4.1e-05
6.9e-05
3.1e-05
2.2e-05
3.3e-05
2.2e-05
1.9e-05
4.9e-05
4.6e-05
4.7e-05
1.9e-05
4.7e-05
2.6e-05
2.6e-05
2.2e-05
6.5e-05
1.8e-05
3e-05
0.0001
1.6e-05
3.7e-05
4.3e-05
2.4e-05
5.1e-05
2e-05
5.7e-05
1.9e-05
4.4e-05
5.7e-05
2e-05
3.1e-05
2.2e-05
5.3e-05
3.8e-05
2.6e-05
2.4e-05
4.2e-05
1.9e-05
2.1e-05
4.8e-05
4.5e-05
4.4e-05
2.8e-05
5.7e-05
5e-05
5.7e-05
1.9e-05
3.7e-05
1.9e-05
3.4e-05
4.4e-05
3.7e-05
2.1e-05
4.7e-05
3.1e-05
4.9e-05
4.7e-05
4.7e-05
8.4e-05
2.2e-05
1.9e-05
4.3e-05
4.4e-05
2.8e-05
5.7e-05
2.2e-05
4.3e-05
2.1e-05
5e-05
4.9e-05
2.2e-05
2.1e-05
1.7e-05
2.2e-05
7.2e-05
5.9e-05
5.5e-05
1.9e-05
2.4e-05
3.1e-05
5.6e-05
5.4e-05
6.9e-05
2e-05
6.1e-05
5.6e-05
5.9e-05
4.5e-05
6.6e-05
2.3e-05
4.1e-05
4.6e-05
5.4e-05
2.5e-05
4.1e-05
2.2e-05
8.7e-05
2e-05
1.8e-05
8.3e-05
5.3e-05
7.9e-05
3.4e-05
5.9e-05
5.8e-05
8.9e-05
8.8e-05
6.5e-05
6.9e-05
7.4e-05
5.2e-05
2.1e-05
6.1e-05
5.4e-05
3.7e-05
2.6e-05
2.4e-05
2.1e-05
2e-05
4.5e-05
4.8e-05
5.5e-05
3e-05
7.8e-05
1.8e-05
2.1e-05
2e-05
4.4e-05
4.4e-05
5.4e-05
4e-05
2e-05
4.3e-05
2.8e-05
2.2e-05
1.9e-05
5e-05
2.3e-05
5.3e-05
4.5e-05
2.1e-05
2.1e-05
4.5e-05
2.6e-05
2e-05
1.9e-05
2.4e-05
2.2e-05
2e-05
2.2e-05
3.1e-05
6.7e-05
2.7e-05
6.8e-05
6e-05
8e-05
2.4e-05
2e-05
2.1e-05
2.2e-05
2.4e-05
2e-05
5.8e-05
3.4e-05
2.1e-05
5.5e-05
4.5e-05
2.3e-05
2.2e-05
2.2e-05
2.4e-05
2.1e-05
5.5e-05
2.3e-05
5.7e-05
5.5e-05
5.4e-05
5.3e-05
5.5e-05
2.4e-05
4.8e-05
3.5e-05
2.8e-05
4.2e-05
2e-05
2e-05
1.9e-05
2e-05
2e-05
2.8e-05
1.9e-05
4.7e-05
1.9e-05
4.6e-05
6.7e-05
8.6e-05
6.1e-05
5e-05
1.8e-05
4.6e-05
1.9e-05
1.9e-05
4.7e-05
4e-05
2.1e-05
2.3e-05
4.7e-05
2.2e-05
4.9e-05
2.1e-05
2.1e-05
6.8e-05
5.9e-05
5.3e-05
8.7e-05
0.00012
1.9e-05
2e-05
5.4e-05
2.2e-05
2.3e-05
2.2e-05
2.3e-05
2.4e-05
4.6e-05
4.6e-05
2e-05
4.5e-05
4.4e-05
1.7e-05
5e-05
5.2e-05
1.9e-05
5.3e-05
4.4e-05
6.2e-05
2.1e-05
5.8e-05
4.9e-05
4.3e-05
1.9e-05
5.6e-05
2.3e-05
2.1e-05
2.1e-05
5.9e-05
2.3e-05
2e-05
2.2e-05
3.6e-05
4.9e-05
2.3e-05
2.2e-05
4.9e-05
4.5e-05
2.3e-05
4.5e-05
2.3e-05
7e-05
4.2e-05
4.6e-05
4.9e-05
2e-05
3.5e-05
2.1e-05
2.6e-05
2.2e-05
2.6e-05
2.5e-05
2.3e-05
2.2e-05
4.7e-05
4.6e-05
3.2e-05
2.2e-05
2.2e-05
2.2e-05
2e-05
2e-05
5.4e-05
2.5e-05
2.1e-05
3e-05
4.3e-05
2.8e-05
1.7e-05
5.9e-05
5.7e-05
5.8e-05
5.3e-05
3.6e-05
2.5e-05
4.5e-05
6.5e-05
0.000229
4.9e-05
4.3e-05
4.5e-05
4.3e-05
4.3e-05
2.3e-05
2.2e-05
2.8e-05
4.1e-05
8.5e-05
2.6e-05
6e-05
3.8e-05
0.000161
3.4e-05
2.4e-05
2.3e-05
4.9e-05
2e-05
2e-05
2.4e-05
2e-05
2.1e-05
5.7e-05
5.6e-05
5.7e-05
5.6e-05
1.9e-05
4.2e-05
2e-05
3.9e-05
4.5e-05
2.2e-05
2.6e-05
4.4e-05
2.1e-05
3.6e-05
5.6e-05
4.9e-05
2.2e-05
1.5e-05
4.1e-05
3.5e-05
1.9e-05
4.7e-05
5.6e-05
2e-05
2e-05
2.4e-05
5.4e-05
2.4e-05
4.9e-05
6e-05
2e-05
6.2e-05
5.3e-05
2.1e-05
4.5e-05
2.1e-05
2e-05
2.1e-05
2.1e-05
4.7e-05
2.1e-05
2.2e-05
2.1e-05
4.6e-05
4.7e-05
2.4e-05
6.2e-05
6.1e-05
2.2e-05
2e-05
2e-05
2e-05
4.1e-05
3.7e-05
2.1e-05
1.9e-05
2.5e-05
5.1e-05
2.1e-05
5.7e-05
8.2e-05
3.3e-05
2e-05
2e-05
2.1e-05
2.1e-05
2.2e-05
2.8e-05
2.4e-05
1.9e-05
1.8e-05
1.7e-05
1.8e-05
1.7e-05
1.6e-05
2.1e-05
2e-05
2.1e-05
3.5e-05
2.8e-05
5.2e-05
3.5e-05
2.3e-05
6e-05
6.8e-05
2.5e-05
2.5e-05
2.1e-05
2.6e-05
5.4e-05
5.2e-05
5.1e-05
3.6e-05
2.2e-05
5.9e-05
5.6e-05
3.6e-05
3.3e-05
2.2e-05
5.6e-05
0.000145
1.8e-05
2.3e-05
5.6e-05
1.9e-05
2.1e-05
5.6e-05
5.4e-05
2e-05
5.7e-05
2e-05
4.1e-05
2.8e-05
5.4e-05
2.7e-05
3.4e-05
2.7e-05
4.2e-05
2.5e-05
6e-05
7.2e-05
5e-05
2.2e-05
2.2e-05
2.2e-05
1.8e-05
2.3e-05
1.9e-05
2.8e-05
3.4e-05
4.6e-05
4.4e-05
3.2e-05
2.3e-05
2.3e-05
5.8e-05
5.4e-05
4.8e-05
2.3e-05
5e-05
4.9e-05
1.8e-05
2.9e-05
2.2e-05
4e-05
3.8e-05
2.8e-05
2.2e-05
6.6e-05
1.8e-05
2.6e-05
1.8e-05
1.9e-05
1.7e-05
1.7e-05
1.6e-05
1.8e-05
1.7e-05
1.6e-05
1.7e-05
1.6e-05
2.2e-05
2.7e-05
4.7e-05
4.3e-05
2e-05
2e-05
2.1e-05
5.7e-05
5.7e-05
2.4e-05
5.7e-05
5.8e-05
2.2e-05
5.8e-05
5e-05
2.3e-05
2.4e-05
9.1e-05
2.3e-05
1.8e-05
2e-05
1.7e-05
2.2e-05
2.2e-05
4e-05
1.9e-05
1.9e-05
2.1e-05
2.2e-05
2.7e-05
3.5e-05
5.6e-05
7e-05
3e-05
8.9e-05
7.9e-05
0.000101
1.9e-05
2.8e-05
2.6e-05
2.1e-05
3.2e-05
2e-05
3.5e-05
2.2e-05
2.2e-05
2.1e-05
6.2e-05
4.6e-05
7.8e-05
6.1e-05
8.1e-05
4.4e-05
4.2e-05
1.8e-05
2.5e-05
2e-05
6.8e-05
5.7e-05
5.9e-05
3.4e-05
4.1e-05
6.9e-05
5.6e-05
2.1e-05
2.6e-05
5.6e-05
6e-05
3.9e-05
4.9e-05
4.5e-05
2.2e-05
2.5e-05
6.9e-05
6.8e-05
7e-05
5.5e-05
3.5e-05
5.6e-05
4.3e-05
4.4e-05
9.4e-05
5.1e-05
3.8e-05
8.1e-05
5.4e-05
6.9e-05
2.6e-05
2.1e-05
2.4e-05
4e-05
2.4e-05
2.6e-05
2.2e-05
5.7e-05
5.7e-05
5.9e-05
2.4e-05
5.5e-05
5.9e-05
3.8e-05
2.9e-05
3.9e-05
2e-05
3e-05
5.5e-05
2.3e-05
3.5e-05
2e-05
2e-05
1.8e-05
1.9e-05
2e-05
4.8e-05
5.2e-05
3.2e-05
3e-05
8.3e-05
2.1e-05
2.2e-05
5.1e-05
4.7e-05
2.3e-05
2.1e-05
1.9e-05
2.7e-05
1.9e-05
1.8e-05
2.3e-05
2.3e-05
2.2e-05
5.8e-05
2.4e-05
2.2e-05
2.5e-05
1.9e-05
1.8e-05
5.7e-05
1.6e-05
1.8e-05
2.1e-05
5.7e-05
5.5e-05
2.2e-05
2.3e-05
2e-05
5.5e-05
5.4e-05
2.1e-05
2e-05
5.7e-05
5.7e-05
2.8e-05
2.2e-05
5.8e-05
3.7e-05
5.9e-05
5.9e-05
5.6e-05
1.9e-05
2.5e-05
6e-05
4.7e-05
2.1e-05
2e-05
2.2e-05
2.2e-05
2.3e-05
2e-05
5.3e-05
1.7e-05
4.7e-05
2.3e-05
2.1e-05
2.2e-05
1.8e-05
0.000127
3.2e-05
7.8e-05
5.6e-05
7.8e-05
2.3e-05
2.1e-05
3.9e-05
2.5e-05
2.2e-05
2.1e-05
1.9e-05
2.9e-05
2.4e-05
4.4e-05
1.9e-05
5.7e-05
2.1e-05
5.3e-05
2.2e-05
5.6e-05
5.6e-05
2.1e-05
2.8e-05
2.4e-05
3.1e-05
2.3e-05
3.5e-05
4.2e-05
4e-05
3.4e-05
2.1e-05
2.3e-05
4.4e-05
2e-05
2.1e-05
4.5e-05
4.3e-05
4.6e-05
2.8e-05
0.000151
6.2e-05
5.2e-05
4.3e-05
2.8e-05
2.4e-05
4.6e-05
2.4e-05
4.8e-05
2e-05
2.3e-05
1.9e-05
6.1e-05
5.8e-05
2.1e-05
2.8e-05
2.3e-05
0.000112
7.5e-05
3.5e-05
3.6e-05
5.7e-05
2.3e-05
5.3e-05
5.9e-05
5.5e-05
2.4e-05
2.5e-05
3.5e-05
5.8e-05
6.4e-05
6.8e-05
3.1e-05
3.6e-05
0.000172
0.000201
4.1e-05
2.8e-05
3.6e-05
2.9e-05
2.6e-05
2.4e-05
5.1e-05
2.1e-05
2e-05
1.6e-05
2e-05
4.7e-05
2.1e-05
3e-05
9.1e-05
2.4e-05
5.8e-05
2.4e-05
5.2e-05
2.3e-05
2.2e-05
2.1e-05
5e-05
2e-05
2.2e-05
2.1e-05
2e-05
5.1e-05
5.3e-05
1.9e-05
2.1e-05
2.3e-05
2.5e-05
2.3e-05
2.2e-05
2.2e-05
2.2e-05
2.2e-05
2.2e-05
4.5e-05
2e-05
2e-05
2.1e-05
1.8e-05
2.1e-05
5.3e-05
2.2e-05
2.3e-05
2.1e-05
3.4e-05
3e-05
1.9e-05
2.2e-05
5.6e-05
5.8e-05
5.7e-05
5.7e-05
5.7e-05
5.7e-05
5.6e-05
5.6e-05
5.9e-05
2.2e-05
2.4e-05
2.4e-05
2.4e-05
3e-05
2.1e-05
3.8e-05
2.2e-05
5.6e-05
5.8e-05
6e-05
5.3e-05
2.1e-05
2.2e-05
5.7e-05
2.5e-05
1.9e-05
4.8e-05
4.4e-05
3e-05
5.6e-05
2.1e-05
2.3e-05
8.3e-05
2.3e-05
2.3e-05
3.4e-05
2.1e-05
5.8e-05
1.6e-05
4.4e-05
5.9e-05
2.5e-05
2e-05
0.000294
0.000123
0.000303
0.000154
0.000105
0.000118
0.000107
0.000122
0.000104
0.000106
0.00013
0.000206
0.000191
0.000135
0.000161
0.000117
0.000126
0.000116
0.000129
0.000114
0.000145
0.000104
0.000154
0.000125
0.000193
0.000116
0.00011
0.000109
9.2e-05
0.000135
9.9e-05
0.000122
0.000122
0.000103
0.000141
0.000154
0.000121
0.00015
0.000125
0.000184
0.000112
0.000121
0.000147
0.000128
0.000124
0.000103
0.000116
0.000118
0.000242
0.000243
0.000116
0.00013
0.000121
0.000133
0.000135
0.000123
0.000106
8.2e-05
0.000104
0.000123
0.000102
0.000118
9.7e-05
0.000149
0.000106
0.00015
0.000143
0.000221
0.000139
0.000115
0.000158
0.000121
0.00013
0.000172
0.000154
0.000139
0.000129
0.000155
0.000142
0.000215
0.000156
0.000125
0.000102
0.000109
0.000112
0.000133
0.000224
0.000133
0.000167
0.000136
0.000114
0.000138
0.000127
0.000128
0.000138
0.000184
0.000189
0.00013
0.000166
0.000129
9.8e-05
0.000126
0.00011
0.000107
0.000207
0.000116
0.000139
0.000109
0.000128
0.000139
0.000128
0.000109
0.000131
0.00013
0.00013
0.000116
0.000106
0.000165
0.000116
0.000168
0.000176
0.000166
0.000104
9.9e-05
9.6e-05
7.5e-05
0.00014
0.000121
0.000214
9.2e-05
0.000119
0.000133
0.000126
0.000113
0.000213
0.000116
0.000123
0.00011
0.000109
0.00013
0.000141
0.000114
0.000114
0.000141
0.000159
0.000143
0.000165
0.000154
9.8e-05
0.000159
9.8e-05
9.7e-05
0.000103
0.000162
0.00013
0.000114
0.000125
0.000115
0.000111
0.000106
0.000121
0.000104
0.000128
0.000122
0.000139
0.000125
9.9e-05
0.000265
0.000134
0.000128
0.00012
0.000139
0.000118
9.6e-05
0.000143
0.000184
0.000117
0.000122
0.000135
0.000109
0.000154
0.000202
0.000159
0.000135
0.000116
0.00012
8.8e-05
0.000116
9.2e-05
0.000102
0.000128
0.000104
0.000128
0.000109
0.000122
8.6e-05
0.000203
0.000149
0.000129
0.000128
0.000181
0.000144
0.000102
0.000153
0.000153
6.9e-05
0.000123
0.0003
0.000249
0.000294
0.000166
8.9e-05
9.7e-05
8.9e-05
0.000107
0.000103
8.7e-05
0.000206
0.000149
0.0001
8.7e-05
0.000198
0.000149
0.00012
0.000107
0.000129
0.00011
0.000214
0.000113
0.000152
0.000166
0.000145
0.000178
0.000244
0.000239
0.000149
0.00015
9.8e-05
0.00016
0.000161
0.0002
0.000148
0.000184
0.000144
0.000129
0.000115
0.00017
0.000226
0.000117
0.00025
0.000181
0.000272
0.000204
0.000157
0.000274
0.000103
0.000102
0.000115
7.3e-05
0.000164
0.000125
0.000124
0.000109
0.000129
0.000137
0.000105
0.000101
0.000307
0.000192
0.000173
0.00017
9e-05
0.000119
0.000131
7.8e-05
0.000161
0.000163
0.000257
0.000226
0.000192
0.00011
0.000102
0.000139
0.000109
0.000141
0.000102
0.000101
0.000125
0.000109
9.6e-05
7.1e-05
7e-05
6.7e-05
0.000105
6.8e-05
0.00012
9.8e-05
0.000116
0.000111
9e-05
0.00014
0.000156
0.000107
8.7e-05
0.000128
0.000116
0.000126
0.000169
0.000102
0.000149
0.000133
8.8e-05
0.000198
0.000179
0.00011
0.000109
0.000113
0.000127
0.000178
0.000126
0.000113
0.000251
0.000109
0.000166
0.000267
0.000275
0.000137
9.7e-05
0.000101
0.000306
0.000112
0.000171
0.000115
9.3e-05
0.000261
0.000216
0.000137
0.000167
0.000111
0.000116
0.000114
0.000164
0.000285
0.000164
0.000338
0.000165
0.000289
9e-05
0.000109
0.000107
0.000106
0.000162
0.000141
9.5e-05
0.000122
0.000145
0.000108
0.000135
0.00012
9.8e-05
0.000131
0.000141
0.000136
0.000188
0.000221
0.000202
0.000123
0.000301
0.000154
0.000183
0.000115
0.00011
9.9e-05
0.000108
0.000104
0.000117
0.000126
0.000212
0.00016
0.000229
0.000194
9.4e-05
0.000113
0.00012
0.000129
0.000163
0.000144
0.00011
0.000136
8.6e-05
0.000114
0.000136
0.000124
0.000185
0.000211
0.000202
0.000209
0.000188
0.000165
0.000127
0.000116
0.000198
0.000171
0.000118
0.000214
0.00017
0.000191
0.000209
0.000218
0.000238
0.000125
9.9e-05
0.000119
9e-05
0.000107
0.000109
9.5e-05
0.000182
0.000152
0.000118
0.000114
0.000103
0.000105
0.0001
0.0001
8.7e-05
0.000125
0.000109
9.8e-05
0.000139
0.000121
0.000211
0.000113
8.4e-05
0.000142
0.000116
0.000118
0.000163
0.000163
0.000229
0.000162
0.000113
0.000131
9.3e-05
0.000148
8.8e-05
0.000213
0.000118
0.000136
0.000111
0.000109
0.000135
0.000153
0.000127
0.000121
0.000134
8.9e-05
0.000103
0.000114
0.000128
0.000168
8.7e-05
9.8e-05
0.000115
0.000136
0.000128
0.000149
0.000332
0.000103
0.000249
0.000106
0.000117
9.9e-05
9.6e-05
0.000151
9.7e-05
0.000109
0.000138
0.00013
0.000105
0.000116
0.000118
0.000104
0.000239
0.000122
0.000104
0.000132
0.000134
0.00015
0.0001
8.6e-05
8.9e-05
0.000104
0.000136
0.000123
0.000123
0.000143
0.000127
0.00012
9.9e-05
0.000143
0.000131
0.000155
0.000161
0.000225
0.000128
0.00018
0.000128
0.000141
0.000151
0.00017
0.000151
0.000104
0.000171
0.000112
0.000148
0.000138
0.000124
0.000126
0.00017
0.000137
0.000202
0.00014
9.8e-05
0.00012
0.000111
0.000114
0.000109
0.000112
9.7e-05
8.9e-05
0.000147
0.000125
0.000161
0.000112
0.000189
0.000131
0.000108
0.000136
0.000126
0.000134
0.000111
0.000123
0.000116
9.2e-05
8.5e-05
0.000104
0.00011
0.000108
0.00012
0.000113
0.000137
0.000139
0.000187
9.1e-05
0.000172
0.000103
0.000137
0.000166
0.000116
9.4e-05
0.00014
0.000114
0.000133
0.000114
0.000116
9.2e-05
0.000103
0.000154
0.000127
0.000103
0.000148
0.000181
0.00014
0.000133
0.0001
0.000177
0.000205
0.000166
0.000147
9.7e-05
0.000141
0.000129
0.00011
0.000124
0.000137
0.000147
0.000107
0.000103
0.000103
0.000111
0.000116
0.000122
9.8e-05
0.000119
0.000105
0.000108
0.000112
0.000102
0.000144
0.000105
0.000164
0.000138
0.000229
0.000164
0.000161
0.000125
0.00012
0.000228
0.000132
0.000199
0.000156
0.000173
0.000117
0.000149
0.000114
0.000286
0.000119
0.000121
0.000104
0.000117
0.000112
0.00012
0.000116
0.00014
0.000125
9e-05
0.000117
0.000118
0.000133
0.000143
0.00016
0.000111
0.000159
0.000111
0.000113
9.6e-05
0.000154
0.0001
0.000157
0.000143
0.000137
0.000283
0.000208
0.000155
0.000274
0.000246
0.000129
0.000111
0.000107
0.00011
0.000111
0.000123
0.000137
0.000207
0.000228
0.000227
0.000185
0.000231
0.000162
0.000112
0.000131
0.000104
0.000104
0.000131
0.000205
0.000299
0.000136
0.000149
0.000122
0.000136
0.000121
0.000139
0.000221
0.000179
0.000219
0.00024
0.000168
0.000119
0.000219
0.000223
0.000106
0.00014
0.00012
0.000135
0.000148
0.000151
0.000204
0.000131
0.000137
0.000195
0.000126
0.000113
0.000129
0.000145
0.000124
0.000123
9.4e-05
0.000117
0.00012
0.000188
0.000112
0.00015
0.000107
0.000127
0.000111
0.000149
0.000136
0.000141
9.7e-05
0.000129
9.9e-05
0.000123
0.000176
0.000163
0.00012
0.00021
0.000147
9.9e-05
0.000107
0.000203
0.000144
9.6e-05
0.000117
9.1e-05
0.000168
0.000113
9.3e-05
0.000107
0.000134
0.000109
0.000187
0.00012
0.000228
0.000179
0.000141
0.000102
0.000106
0.000101
0.000146
0.000127
0.000134
0.000102
0.000111
0.000115
0.000127
0.000138
6.3e-05
0.000232
0.000209
0.00027
0.000145
0.000114
0.00014
0.000115
0.000188
0.000228
0.000281
0.000119
0.000127
0.000117
0.000115
0.000148
0.00013
0.00015
0.00011
0.000204
0.00012
9.1e-05
0.000203
0.00019
0.000186
0.000139
0.000172
0.000123
0.000132
0.000101
0.000105
0.000117
0.000192
0.000152
0.000131
0.000159
9.7e-05
9e-05
0.000113
0.00013
0.000215
0.000155
0.000116
9.7e-05
0.000115
0.000125
0.000111
0.00015
0.000108
0.000109
0.000129
0.000123
0.000149
0.000114
0.000118
9.5e-05
0.000121
0.000125
0.000128
0.000152
0.000103
0.000188
0.000115
0.000123
0.000102
0.000177
0.000129
9.6e-05
0.000115
0.000109
0.000149
0.000148
9.4e-05
0.0001
8.8e-05
0.000126
8.8e-05
0.000106
0.000187
0.000215
0.000148
0.000164
0.000224
0.000165
0.000202
0.000226
0.000151
0.000187
0.000153
9.8e-05
0.000127
0.000102
0.000119
0.000238
0.000171
0.000198
0.000264
0.000301
0.000173
0.000118
8.9e-05
0.00014
0.000111
0.000131
0.000118
0.000114
9.7e-05
0.000112
0.000213
0.000128
9.1e-05
0.000102
0.000121
0.000126
0.000106
0.000128
0.000126
0.000115
9.9e-05
0.00019
0.000116
0.000146
0.000198
0.000138
9.7e-05
0.000158
0.000114
0.000139
0.000111
0.000139
0.000135
0.000123
0.000117
0.000125
0.000152
9.9e-05
0.000144
9.3e-05
0.000313
0.000115
0.000128
0.000126
0.000134
0.000134
0.000102
0.000157
0.00011
0.000101
0.000129
0.000113
0.000125
0.000154
0.000141
0.000106
0.000137
0.000127
0.000138
0.0001
0.000114
0.000127
0.000101
0.000175
0.000126
0.000136
0.000109
9.7e-05
0.000113
9.2e-05
0.000131
0.00013
0.000196
0.000146
0.000123
0.000139
0.00013
0.000143
0.000161
0.000123
0.000167
0.0001
0.000202
9.1e-05
0.000134
0.0001
0.000105
0.000134
0.000142
0.000141
0.000151
0.000198
0.00028
0.000244
0.000229
0.000217
0.000126
7.6e-05
0.000118
0.000153
0.000172
0.00017
0.000101
0.000121
9.9e-05
0.000101
9e-05
9.6e-05
6.4e-05
9.9e-05
8.3e-05
8.7e-05
9.1e-05
7.9e-05
7e-05
0.000121
8e-05
9.7e-05
0.00011
0.000101
8.2e-05
0.000161
7.1e-05
0.000106
9.6e-05
7.9e-05
0.00011
9.2e-05
0.000167
0.000117
0.0001
0.000108
9.8e-05
0.000113
9.7e-05
8.4e-05
0.000107
0.000108
8e-05
0.000138
9.1e-05
9.1e-05
8.8e-05
0.000116
0.000109
7.7e-05
9.4e-05
7.6e-05
0.000123
9.5e-05
9.9e-05
9.8e-05
0.000111
0.0001
0.000118
6.8e-05
8.1e-05
0.000101
9.9e-05
9.3e-05
0.000132
0.000106
8.5e-05
8.4e-05
0.000111
7.5e-05
7.7e-05
8e-05
7e-05
8e-05
0.000127
0.000212
0.000156
9e-05
9e-05
7e-05
0.000102
9.7e-05
0.000108
0.000117
8.4e-05
0.000132
0.000114
8.5e-05
7.4e-05
7.5e-05
9.5e-05
0.000133
9.3e-05
0.000115
9e-05
8.3e-05
9.4e-05
9.2e-05
7.5e-05
0.000112
8.5e-05
0.00011
7.2e-05
9.2e-05
9.9e-05
9.2e-05
0.000116
0.000103
8.1e-05
8.8e-05
0.000105
9e-05
0.000184
8.2e-05
0.000107
0.0001
0.000118
0.000114
0.000113
9e-05
6.9e-05
9.4e-05
9.4e-05
9.1e-05
0.00012
0.000152
0.00011
0.000133
9e-05
0.000194
0.0001
9.7e-05
0.000103
0.000166
9.5e-05
0.000104
7.6e-05
0.00011
0.000117
0.000114
9.1e-05
0.000144
0.000144
0.000181
9.9e-05
0.00012
0.000106
8.5e-05
9e-05
0.0001
0.000104
0.000104
0.000182
6.8e-05
0.000148
0.00014
9.4e-05
0.000104
9.8e-05
0.000162
0.000111
0.000105
9.2e-05
0.000129
0.000117
0.000118
0.000122
9.3e-05
8.3e-05
9.7e-05
0.000103
0.000105
0.000242
0.000109
0.000105
0.000136
0.000132
0.000114
9.8e-05
0.000118
9e-05
0.000185
0.000126
0.000163
0.000122
0.000127
0.000107
0.000133
7.8e-05
9.5e-05
8.9e-05
0.000112
0.000324
0.000146
0.000342
0.000251
0.000205
0.000249
9.9e-05
0.00013
0.000139
0.000145
0.000106
0.000104
0.00011
0.0001
9.1e-05
0.000104
0.000105
0.000134
0.000131
0.000123
0.000124
9.9e-05
9.6e-05
8.6e-05
0.000144
8.9e-05
0.00017
0.000123
0.0001
9.4e-05
9.1e-05
0.000115
0.000126
0.000177
0.00016
0.000107
0.000101
0.000108
8e-05
0.000109
0.000143
0.000111
0.000103
9.8e-05
0.000101
0.000127
0.000186
0.000194
0.000198
6.2e-05
9.7e-05
0.000148
0.000166
9e-05
9.8e-05
0.000131
7.9e-05
8.9e-05
0.000104
0.000121
0.000178
0.000226
0.000182
9.7e-05
8.8e-05
0.000119
0.000139
0.000105
0.000114
0.000137
0.000162
0.000109
0.000117
7.4e-05
0.000122
0.000274
0.0002
0.000257
8.9e-05
8.9e-05
0.000171
0.000102
0.000105
0.000111
0.000141
9.6e-05
7.8e-05
0.000114
0.000108
8.9e-05
0.000116
0.000161
0.000107
0.0002
9.1e-05
8.2e-05
9.8e-05
9.2e-05
0.000149
0.000173
9e-05
9.3e-05
9e-05
9.5e-05
8e-05
0.000114
0.000111
8.5e-05
0.000117
0.000144
0.000112
0.000132
0.000117
9.9e-05
0.000114
6.3e-05
8e-05
0.000121
0.000102
0.000155
8.7e-05
0.000108
0.000103
0.000101
0.000249
0.000146
8.8e-05
0.000102
0.000106
9.8e-05
7.8e-05
8.8e-05
8.7e-05
0.000102
9.7e-05
0.000108
0.000141
0.000143
9.6e-05
9.6e-05
0.000121
9e-05
9.3e-05
0.000154
0.000103
9e-05
0.000111
9.4e-05
8.2e-05
9.5e-05
0.000146
0.000148
0.000117
0.000131
0.000115
0.000111
0.000194
0.000191
9.8e-05
0.000146
0.000129
0.000127
0.000145
0.000116
0.000136
0.000122
0.000114
0.000107
0.000116
9e-05
0.000148
0.000105
6.3e-05
0.00011
0.000112
0.000112
9.6e-05
0.000105
0.000129
9.4e-05
0.000274
0.000169
0.000235
0.000101
0.000133
9.3e-05
0.000123
0.000132
0.000111
0.000102
8.9e-05
0.000115
0.000126
9.1e-05
0.000125
9.1e-05
0.000103
9.3e-05
0.000157
0.000122
0.000138
9.1e-05
9.1e-05
9.4e-05
0.00011
0.000117
0.000266
0.000143
0.000127
0.000105
0.00012
0.000114
0.000111
0.000117
0.000112
0.000136
0.000125
0.000238
9.8e-05
0.000197
0.000167
9.4e-05
0.000121
0.000101
0.000112
9.8e-05
0.000102
0.000108
0.000106
8.9e-05
0.00017
9e-05
0.000104
0.00012
0.000109
0.000105
0.000129
0.000134
0.000112
0.000121
0.000123
8.8e-05
0.000112
0.000106
0.000118
0.00014
0.000135
8.8e-05
0.000149
8.7e-05
0.000123
0.000114
8.3e-05
0.000156
9.9e-05
8.7e-05
0.0001
5.9e-05
0.000112
0.000104
0.000112
9.4e-05
0.000119
8.8e-05
5.9e-05
0.00011
0.000122
9e-05
9.2e-05
8.6e-05
0.000102
8.7e-05
0.00011
0.000122
0.000126
0.000125
0.000102
9.6e-05
7.3e-05
7.9e-05
8.8e-05
8.9e-05
8.7e-05
7.1e-05
9.5e-05
0.000111
0.000114
0.000122
9.7e-05
9.1e-05
9.3e-05
0.00014
0.000114
0.000186
0.000266
0.000143
9e-05
0.000185
9.4e-05
8.6e-05
0.000125
0.000114
7.9e-05
9.7e-05
7.3e-05
7.7e-05
0.00028
0.0002
8.2e-05
9.6e-05
8.7e-05
8e-05
0.00013
7.5e-05
0.000103
0.000108
0.000142
0.0001
9e-05
0.000144
8.2e-05
8.8e-05
0.000183
8.3e-05
6.2e-05
6.9e-05
7.8e-05
8.2e-05
8.2e-05
0.000121
0.00011
8.7e-05
8.8e-05
0.000123
0.000104
0.00014
9.6e-05
0.000102
0.000147
8.6e-05
0.000162
0.000197
0.00016
9.1e-05
0.000122
0.000113
8.9e-05
5.5e-05
6.1e-05
7.5e-05
7.7e-05
7.7e-05
8.4e-05
8.2e-05
8.4e-05
9.5e-05
0.000122
0.000162
0.000171
8e-05
7.4e-05
9.8e-05
9.4e-05
8.7e-05
9.4e-05
8.3e-05
0.0001
8.6e-05
0.00012
0.000109
8.9e-05
0.000121
8.5e-05
0.000114
0.000111
9.8e-05
0.000114
0.000111
8.8e-05
9e-05
0.000147
0.000141
0.000117
0.000102
9.3e-05
9.7e-05
0.000142
0.0001
0.000112
0.000128
0.000133
0.000126
8.6e-05
0.000124
0.000138
0.000194
0.000104
0.000134
0.000113
8.3e-05
0.000143
0.000139
0.000101
0.000101
0.000128
0.000178
0.000117
0.000121
0.00011
0.000124
0.000118
0.000104
0.000153
8.8e-05
8.1e-05
0.000122
0.000359
0.000106
0.000141
0.000125
9.8e-05
0.000148
0.000106
8.8e-05
0.000125
0.000127
0.000111
0.000182
8.7e-05
7.6e-05
0.000117
0.000116
0.0001
0.000104
0.000127
7.4e-05
8.9e-05
6.9e-05
0.000109
0.000103
0.000114
9.2e-05
0.000102
7.8e-05
6.8e-05
9e-05
0.000108
9.6e-05
0.000101
7.1e-05
0.000118
0.000148
9e-05
0.000114
0.0001
9.8e-05
0.000104
6.8e-05
0.000119
8.2e-05
0.000104
9.9e-05
8.4e-05
0.00011
9.7e-05
0.000144
0.000106
8.5e-05
9.7e-05
9.2e-05
8.6e-05
9e-05
9.8e-05
6.4e-05
7.4e-05
0.000127
8.4e-05
8.1e-05
0.000118
0.000174
0.000171
0.000138
0.0002
9.2e-05
0.00012
8.2e-05
0.000157
0.000156
0.000117
0.000103
8.6e-05
0.000103
8.6e-05
0.000106
0.000101
8.2e-05
0.000105
9.1e-05
6.7e-05
8.5e-05
7e-05
0.000155
0.000108
0.00015
0.000144
7.7e-05
0.000154
8e-05
0.000142
0.000102
0.000114
9.7e-05
8.3e-05
0.0001
0.000108
9.4e-05
8.3e-05
8.9e-05
8.7e-05
9.8e-05
0.000132
0.000111
0.000104
0.000129
8.3e-05
7.5e-05
0.00014
0.000121
0.000118
7.2e-05
9.2e-05
0.000163
0.000178
0.000133
9.5e-05
8.3e-05
9.2e-05
0.000102
7.1e-05
0.000119
0.000132
0.000101
9.6e-05
0.000103
9.1e-05
8e-05
9.4e-05
0.000118
9.8e-05
0.000108
9.6e-05
0.000127
0.000104
8.3e-05
9.2e-05
8.2e-05
0.000102
0.000103
9.5e-05
9.3e-05
8.5e-05
0.000105
8.1e-05
8e-05
0.000101
0.000103
0.000108
0.000101
8.4e-05
8e-05
9.1e-05
9.7e-05
0.000132
0.00011
0.000127
0.000132
8.8e-05
8.9e-05
0.000183
0.000115
0.00017
0.000118
0.000122
0.000101
8.5e-05
0.000113
8.1e-05
7.9e-05
6.3e-05
9.1e-05
9e-05
0.000112
0.000138
9.3e-05
9.4e-05
0.000103
7.9e-05
9.4e-05
0.000139
8.6e-05
0.000307
9.2e-05
9.9e-05
0.000102
9.7e-05
0.000168
0.000113
7.3e-05
0.00011
0.000155
0.000149
9.7e-05
0.00012
0.000104
9.1e-05
0.000109
8.3e-05
0.000116
0.000118
0.000127
0.0001
9.5e-05
9.4e-05
9.1e-05
0.000124
8.6e-05
8.4e-05
0.000104
0.000112
8.8e-05
9.8e-05
8.2e-05
8.4e-05
0.000114
0.000146
0.000155
8.9e-05
7.6e-05
0.000189
0.000101
9.5e-05
9.1e-05
0.00011
0.000109
0.000132
8.4e-05
0.000109
7.8e-05
8.3e-05
7.5e-05
0.000108
9.2e-05
0.00013
0.000109
0.000155
0.000196
9e-05
0.000125
0.000131
0.000124
0.000154
9.9e-05
9.9e-05
9.9e-05
7.6e-05
0.000108
8.9e-05
0.000112
0.000107
0.00011
0.000103
0.000178
9.7e-05
0.0001
8.5e-05
9.2e-05
7.2e-05
7.9e-05
7.3e-05
8.4e-05
8.6e-05
0.000105
8.9e-05
0.000113
0.00015
9.1e-05
0.000142
9.3e-05
8.7e-05
8e-05
0.000102
0.000109
0.000128
0.000101
9e-05
0.000109
0.000115
0.00018
8.4e-05
0.000157
0.000125
9e-05
0.0001
0.000149
0.000117
9.5e-05
0.000121
7.7e-05
8.9e-05
0.000107
9.3e-05
8.3e-05
9.1e-05
7.5e-05
8.3e-05
8.4e-05
6.8e-05
0.000127
0.000124
0.000112
8.2e-05
7.8e-05
0.000155
9.7e-05
9.1e-05
9.9e-05
0.000115
0.000114
9.1e-05
0.000135
6.7e-05
8.2e-05
0.000103
0.000108
0.000144
0.000127
9.9e-05
0.000144
9e-05
7.5e-05
8.3e-05
7.1e-05
7.1e-05
7e-05
8.5e-05
9.5e-05
0.000149
0.000107
0.00014
0.000121
0.000105
0.00011
0.000104
9.7e-05
9.9e-05
0.000124
8.9e-05
8.7e-05
0.0001
0.000129
0.000103
0.000106
0.000109
7.6e-05
7.3e-05
6.3e-05
0.000304
0.000157
9.6e-05
9e-05
0.000124
9.2e-05
9.8e-05
0.000177
0.000169
0.000218
0.000191
7.5e-05
9.4e-05
8.9e-05
8.4e-05
7.5e-05
7.2e-05
0.000171
0.000163
8.4e-05
0.000114
0.000247
0.000216
0.000128
9.5e-05
8e-05
0.000122
7.3e-05
8.8e-05
8.6e-05
0.000111
0.000117
0.000115
9e-05
0.000102
0.000175
0.000129
0.000117
9.2e-05
9.5e-05
0.000105
0.000102
7.5e-05
0.000205
0.00016
0.000114
0.000117
0.000164
8.1e-05
0.000144
0.000205
0.000107
0.000134
0.000107
0.000109
8.1e-05
0.000107
8.9e-05
7e-05
0.000109
8e-05
8.8e-05
9.3e-05
8.9e-05
8.3e-05
0.000122
0.000131
0.000201
0.000101
9.1e-05
7.1e-05
9.3e-05
9e-05
9.2e-05
0.000142
0.000125
0.000116
7.1e-05
0.000209
0.00012
8.5e-05
9.6e-05
0.000108
6.9e-05
8.8e-05
0.000146
9.9e-05
0.000102
6.8e-05
0.000203
0.00018
9.7e-05
0.000104
9.9e-05
0.000102
0.000109
9.9e-05
9.5e-05
9.3e-05
0.000104
0.00018
0.00011
8.5e-05
8.5e-05
9.3e-05
8.3e-05
9.3e-05
0.000115
9.2e-05
9.4e-05
9.5e-05
0.000147
0.000174
0.000116
0.000178
8.3e-05
0.000145
0.000108
0.000107
9.5e-05
8.2e-05
0.000164
0.000164
0.000126
0.00018
9.4e-05
0.000202
0.000213
0.000136
8.7e-05
9.1e-05
7.7e-05
7.4e-05
8e-05
8.9e-05
0.000161
0.000103
0.000103
0.000119
0.000144
0.000146
0.000148
0.000133
0.000104
7.1e-05
0.0001
0.000105
7.8e-05
0.000127
0.000115
0.000209
0.000115
9.3e-05
0.000118
8.2e-05
9.8e-05
9.5e-05
9.3e-05
8.1e-05
0.000127
0.000115
0.000104
8.6e-05
8.7e-05
8e-05
0.000122
0.000134
0.000135
0.000128
0.000146
0.000116
8.2e-05
7.5e-05
0.000116
6.6e-05
7e-05
7.7e-05
8.1e-05
7.6e-05
8.2e-05
7e-05
7.9e-05
7.2e-05
7.5e-05
9.1e-05
0.000106
0.000162
7.8e-05
0.000123
0.000143
9.7e-05
0.000106
0.000102
9.8e-05
0.000119
8.7e-05
7.2e-05
0.000102
7.6e-05
0.0001
0.000181
9.7e-05
7.8e-05
0.00011
8.1e-05
0.000151
8.3e-05
8.1e-05
7e-05
8.4e-05
8.1e-05
7.4e-05
0.000147
0.000116
0.000112
8.2e-05
0.000237
0.000131
0.000123
0.000132
9.1e-05
9.8e-05
0.000108
9.9e-05
0.000122
9.4e-05
7.7e-05
0.000125
0.000104
0.000102
9.6e-05
8.6e-05
0.00012
0.000187
0.000118
9.4e-05
0.000119
0.0001
0.0001
0.000124
0.000105
8.4e-05
9e-05
0.000102
8.6e-05
9.7e-05
9.7e-05
9.6e-05
0.000135
0.00012
0.000107
0.000195
0.000166
0.000104
0.000132
9.5e-05
7.8e-05
9.4e-05
9.7e-05
8.4e-05
0.000115
0.000115
9.7e-05
0.000102
8.7e-05
0.000102
0.000101
0.0002
9.1e-05
8.4e-05
8.7e-05
0.000139
0.000128
0.00012
8.9e-05
0.000105
7.9e-05
8.2e-05
9e-05
8.1e-05
7.8e-05
0.000123
8.9e-05
9e-05
0.000132
0.000106
9.8e-05
0.00011
0.0001
7.9e-05
8.5e-05
0.000101
0.000125
8.9e-05
0.00011
0.000124
0.000109
9.2e-05
8e-05
0.00012
0.000117
0.000136
0.000105
0.000113
0.000131
0.00011
8.2e-05
0.000139
9.3e-05
0.000107
9.8e-05
0.000112
9.4e-05
7e-05
0.000105
9.8e-05
0.000225
9.6e-05
9.6e-05
8.7e-05
8.6e-05
8.9e-05
0.000104
8.5e-05
0.000107
8.4e-05
0.000122
0.000111
0.000127
0.000152
0.000136
8.8e-05
0.000112
7e-05
0.000118
0.000148
0.000103
9.7e-05
7e-05
7e-05
8.9e-05
0.000172
0.000101
0.000114
7.9e-05
0.000106
8.6e-05
8.9e-05
0.000107
0.000101
0.00015
0.000107
8.9e-05
8.5e-05
7.8e-05
0.000156
0.000255
0.000165
8.4e-05
0.000132
9.3e-05
9.2e-05
0.000179
0.000157
0.000129
0.000113
0.000131
0.000122
0.000114
9.3e-05
8.2e-05
0.000162
0.000159
0.000109
7.6e-05
9.2e-05
0.000105
8.8e-05
9.3e-05
0.000127
0.000121
0.000138
8.1e-05
0.0001
0.000163
9.6e-05
0.000101
0.000107
0.000139
8.3e-05
0.000136
0.000102
9.3e-05
9.5e-05
0.00013
0.000105
0.00013
0.000147
0.000141
0.000118
0.000279
0.000154
0.000111
9e-05
0.000128
0.000151
8.1e-05
8.7e-05
9.7e-05
0.000107
9e-05
8.2e-05
0.000107
7.6e-05
8.5e-05
0.000103
0.000102
0.000118
0.000109
0.000117
0.000131
9.6e-05
9.9e-05
8.2e-05
0.000135
0.000155
0.00012
7.6e-05
0.00011
0.000216
0.000118
7.4e-05
7.5e-05
6.6e-05
0.000106
0.000109
9.4e-05
8.1e-05
9.4e-05
8.1e-05
0.000154
8.9e-05
9e-05
0.000111
9.2e-05
0.000108
8.3e-05
0.0001
0.0001
0.000103
0.000158
0.0001
0.000117
0.000106
9.9e-05
9.4e-05
9.6e-05
0.000103
9e-05
0.000121
0.000103
9.8e-05
0.000138
0.00014
0.000177
8.2e-05
0.000104
9.4e-05
0.000191
0.000104
0.000105
0.00013
0.00011
8.4e-05
0.000112
8.1e-05
0.000123
0.000127
8.7e-05
9.1e-05
8.4e-05
7.1e-05
9.4e-05
0.000109
0.000165
7.4e-05
0.000114
7.8e-05
8.3e-05
0.000137
8.2e-05
0.000101
7.3e-05
0.00011
7e-05
9.6e-05
0.000136
9.8e-05
8.7e-05
9e-05
0.000102
0.000109
8.8e-05
0.000103
0.000113
7.9e-05
8e-05
9.8e-05
0.000163
9.9e-05
0.000155
0.000129
8.7e-05
0.000122
6.1e-05
7.5e-05
8.5e-05
7.7e-05
8.6e-05
0.000132
9.5e-05
8.8e-05
0.000118
7.6e-05
8e-05
8e-05
8.2e-05
0.000117
7.6e-05
9.1e-05
7.5e-05
7.7e-05
8.5e-05
0.000101
0.000132
0.000126
0.000134
0.000105
7.6e-05
8.5e-05
0.000108
9.2e-05
9.5e-05
0.000128
8.9e-05
0.0001
0.000114
8.8e-05
8.9e-05
0.000126
0.000103
0.000135
0.000113
0.000136
8.2e-05
9.7e-05
0.000178
0.000183
0.000212
0.000237
0.000166
0.000118
7.7e-05
7.5e-05
8.6e-05
9.7e-05
9.9e-05
9.7e-05
0.000144
0.000116
0.000105
0.000101
0.000113
9.5e-05
9.8e-05
0.00011
0.000122
7.8e-05
7.7e-05
8.2e-05
7.6e-05
9.3e-05
0.00011
0.00012
8.6e-05
0.00011
0.000134
0.000104
9e-05
8.7e-05
0.000124
7.6e-05
0.00012
7.8e-05
0.000125
8.8e-05
9.5e-05
8.1e-05
9.7e-05
8.2e-05
0.000125
0.000113
0.000118
0.000113
0.000133
0.000145
0.000128
8.9e-05
0.000124
0.00011
0.000114
6e-05
9.5e-05
7.6e-05
8.4e-05
0.000103
0.000102
0.000146
0.000176
9.5e-05
0.000194
9.6e-05
8.5e-05
0.000114
0.000103
0.000104
0.000135
9.5e-05
0.000122
0.000142
7.5e-05
8.3e-05
0.000111
0.000116
0.000107
0.000146
0.000135
9.1e-05
0.000139
0.000123
0.000112
0.000106
0.000108
0.000119
0.000129
0.000116
0.000124
0.000131
0.000126
9.7e-05
0.000145
0.000181
0.000149
8.8e-05
0.000131
8.2e-05
0.000122
0.000114
0.000329
8.1e-05
8.9e-05
0.000109
9.3e-05
7.9e-05
8.2e-05
9.9e-05
7.7e-05
0.00013
0.000115
8.5e-05
0.000245
0.000153
0.000171
0.000122
0.0001
0.000115
0.00011
0.000125
0.000129
0.000105
0.000146
0.000123
0.000121
0.000247
0.000161
0.000153
0.000106
0.000111
0.00013
0.00011
0.000312
9.6e-05
0.000136
0.00011
0.000138
0.000161
0.000127
8.9e-05
8.8e-05
0.000113
0.000154
0.000177
0.000129
9.7e-05
0.0001
8.2e-05
0.0001
9.9e-05
0.000101
0.00011
9.2e-05
0.000131
0.000189
0.000115
0.000109
8.7e-05
0.000107
0.000145
0.000109
0.000108
9.5e-05
0.000125
0.000118
8.1e-05
0.000123
0.000113
0.000112
0.000107
9.7e-05
9.1e-05
7.9e-05
0.000103
6.4e-05
0.000104
9.6e-05
0.000156
0.000118
0.000115
0.000132
0.000102
0.000175
8.4e-05
0.000105
0.000122
7.5e-05
8.5e-05
8e-05
7.9e-05
6.9e-05
0.000142
0.000136
0.00013
0.000112
0.000113
9.9e-05
0.0001
9.1e-05
0.00011
0.000111
0.00011
7.8e-05
6.8e-05
7.7e-05
0.000141
9.6e-05
9.2e-05
9e-05
7.8e-05
9.2e-05
8.6e-05
9.7e-05
9.5e-05
8e-05
0.000127
0.000184
0.000169
0.000239
0.000178
8.5e-05
8.1e-05
7.8e-05
0.000119
0.000103
0.000112
0.000134
0.000113
0.000111
0.000119
0.000106
9.5e-05
9.7e-05
8.9e-05
9.9e-05
9e-05
9.4e-05
8.8e-05
0.00011
9.4e-05
8.5e-05
7.8e-05
0.00011
0.000111
8.6e-05
9.7e-05
0.000117
7.8e-05
9.9e-05
8e-05
9.4e-05
0.000211
9.1e-05
7.6e-05
0.000194
9.3e-05
0.000127
0.000118
8.9e-05
0.000131
0.000152
0.000117
0.00012
0.000122
0.000102
0.000105
0.000107
0.000117
9.3e-05
0.000145
0.000167
0.0001
0.000204
0.00012
8.4e-05
0.000192
7.1e-05
0.000113
9.1e-05
0.0001
7.6e-05
8.7e-05
7.9e-05
8.7e-05
0.000111
0.00011
0.000101
8.3e-05
0.000105
9.9e-05
9.4e-05
0.000107
0.000119
0.000204
9.8e-05
0.000102
0.000124
0.000113
0.000114
9.4e-05
0.000125
9.1e-05
0.000115
0.000169
0.000109
0.000116
0.000123
7.1e-05
0.000103
0.000101
9.7e-05
8.4e-05
9.3e-05
0.000111
8.3e-05
9.7e-05
8.6e-05
9.6e-05
8.7e-05
8.3e-05
0.000116
8.2e-05
7.5e-05
8.2e-05
9.1e-05
0.000218
9.7e-05
9.4e-05
0.000129
8.2e-05
9.4e-05
0.000116
9.6e-05
7.6e-05
9.4e-05
7.5e-05
8.4e-05
0.000103
8.9e-05
8.3e-05
0.000107
9.2e-05
8.7e-05
0.000113
9.1e-05
9.3e-05
0.000115
9.1e-05
7.7e-05
0.000108
9.2e-05
6.9e-05
8.2e-05
7.5e-05
7.1e-05
0.000111
7.4e-05
0.000212
0.000175
7.5e-05
9.6e-05
9.9e-05
8.6e-05
9.2e-05
9.8e-05
9e-05
7.4e-05
0.000156
8.4e-05
0.000112
0.000121
0.000138
0.000113
0.000115
0.000121
0.000103
0.00013
0.000135
0.000144
0.000131
8.6e-05
7.1e-05
6.7e-05
8.6e-05
0.000124
7.5e-05
9.6e-05
8.4e-05
0.000188
0.000193
0.000206
0.000218
9.6e-05
9.3e-05
8.8e-05
7.8e-05
8.2e-05
8.1e-05
8.4e-05
8.8e-05
8.2e-05
0.000125
0.000125
9.9e-05
8e-05
8.7e-05
7e-05
8.8e-05
0.000125
0.000115
0.000102
8.8e-05
0.000107
9.9e-05
0.000124
9.1e-05
0.000149
0.000141
0.000111
9.5e-05
9.5e-05
0.000116
7.5e-05
8.4e-05
8.6e-05
0.000176
0.000108
0.000119
8.2e-05
7.7e-05
9.2e-05
7.3e-05
0.000103
0.000102
9.4e-05
0.000121
0.000109
7.2e-05
8e-05
0.000106
9.2e-05
0.000131
0.000103
0.0001
0.000105
0.0001
0.0001
9.4e-05
9.1e-05
8.9e-05
0.000102
8.9e-05
8.4e-05
7.2e-05
7.6e-05
0.000106
8.5e-05
9.7e-05
8.5e-05
7e-05
8.6e-05
9.2e-05
0.000103
8.2e-05
9e-05
0.000135
0.000123
0.00019
0.000218
