%  columns="iteration, evaluation, sigma, axis ratio, bestever, best, median, worst fitness function value, further objective values of best" (startseed=208119, 2023/05/29 16:1:7.22)
1 17 1.901420e-01 1.012936e+00  2.009932000000000000e+06  2.013484000000000000e+06  2.300380500000000000e+06  2.491070000000000000e+06
2 33 1.839646e-01 1.019629e+00  1.881440000000000000e+06  1.881440000000000000e+06  2.288968000000000000e+06  2.484227000000000000e+06
3 49 1.792985e-01 1.027057e+00  1.881440000000000000e+06  1.977529000000000000e+06  2.191716000000000000e+06  2.446688000000000000e+06
4 65 1.753345e-01 1.031279e+00  1.799557000000000000e+06  1.799557000000000000e+06  2.222168000000000000e+06  2.477727000000000000e+06
5 81 1.709482e-01 1.035234e+00  1.799557000000000000e+06  2.017055000000000000e+06  2.295508000000000000e+06  2.500727000000000000e+06
6 97 1.666376e-01 1.040229e+00  1.799557000000000000e+06  2.030209000000000000e+06  2.263087500000000000e+06  2.521023000000000000e+06
7 113 1.626058e-01 1.044961e+00  1.799557000000000000e+06  2.045578000000000000e+06  2.258800000000000000e+06  2.487338000000000000e+06
8 129 1.581752e-01 1.050565e+00  1.347902000000000000e+06  1.347902000000000000e+06  2.278448500000000000e+06  2.390817000000000000e+06
9 145 1.556493e-01 1.055588e+00  1.347902000000000000e+06  1.883677000000000000e+06  2.339205000000000000e+06  2.561347000000000000e+06
10 161 1.523572e-01 1.059843e+00  1.347902000000000000e+06  1.973053000000000000e+06  2.185675000000000000e+06  2.565633000000000000e+06
11 177 1.499324e-01 1.065125e+00  1.347902000000000000e+06  1.872914000000000000e+06  2.215645000000000000e+06  2.380560000000000000e+06
12 193 1.490547e-01 1.071011e+00  1.347902000000000000e+06  1.734972000000000000e+06  2.152387500000000000e+06  2.427290000000000000e+06
13 209 1.476734e-01 1.077056e+00  1.347902000000000000e+06  1.895475000000000000e+06  2.144205000000000000e+06  2.460663000000000000e+06
14 225 1.458438e-01 1.083100e+00  1.347902000000000000e+06  2.054934000000000000e+06  2.244006500000000000e+06  2.566052000000000000e+06
15 241 1.436076e-01 1.087745e+00  1.347902000000000000e+06  2.054814000000000000e+06  2.233973500000000000e+06  2.506002000000000000e+06
16 257 1.402668e-01 1.093390e+00  1.347902000000000000e+06  2.014057000000000000e+06  2.268639500000000000e+06  2.500524000000000000e+06
17 273 1.384502e-01 1.096524e+00  1.347902000000000000e+06  1.515849000000000000e+06  2.169110000000000000e+06  2.351340000000000000e+06
18 289 1.373233e-01 1.099087e+00  1.347902000000000000e+06  1.760017000000000000e+06  2.216709000000000000e+06  2.373334000000000000e+06
19 305 1.363398e-01 1.101475e+00  1.347902000000000000e+06  1.748381000000000000e+06  2.221670000000000000e+06  2.497050000000000000e+06
20 321 1.344927e-01 1.103780e+00  1.347902000000000000e+06  1.714123000000000000e+06  2.080369500000000000e+06  2.465389000000000000e+06
21 337 1.328365e-01 1.107511e+00  1.347902000000000000e+06  1.704791000000000000e+06  2.180531500000000000e+06  2.411091000000000000e+06
22 353 1.319963e-01 1.110615e+00  1.347902000000000000e+06  1.512551000000000000e+06  2.155923500000000000e+06  2.447435000000000000e+06
23 369 1.316784e-01 1.117504e+00  1.347902000000000000e+06  1.579582000000000000e+06  2.076765500000000000e+06  2.324347000000000000e+06
24 385 1.308556e-01 1.122976e+00  1.347902000000000000e+06  1.803328000000000000e+06  2.082676000000000000e+06  2.260102000000000000e+06
25 401 1.300485e-01 1.127885e+00  1.347902000000000000e+06  1.614708000000000000e+06  2.055694500000000000e+06  2.276819000000000000e+06
26 417 1.292781e-01 1.133850e+00  1.347902000000000000e+06  1.437384000000000000e+06  2.084015000000000000e+06  2.258862000000000000e+06
27 433 1.278962e-01 1.139290e+00  1.347902000000000000e+06  1.559872000000000000e+06  2.064163500000000000e+06  2.266496000000000000e+06
28 449 1.255077e-01 1.145965e+00  1.347902000000000000e+06  1.872353000000000000e+06  2.072744000000000000e+06  2.290709000000000000e+06
29 465 1.230833e-01 1.149250e+00  1.347902000000000000e+06  1.912169000000000000e+06  2.148279500000000000e+06  2.445806000000000000e+06
30 481 1.206632e-01 1.151697e+00  1.347902000000000000e+06  1.692821000000000000e+06  2.102267500000000000e+06  2.466389000000000000e+06
31 497 1.186364e-01 1.155500e+00  1.347902000000000000e+06  1.525629000000000000e+06  1.998304000000000000e+06  2.441561000000000000e+06
32 513 1.173410e-01 1.157854e+00  1.347902000000000000e+06  1.775733000000000000e+06  2.076530000000000000e+06  2.431980000000000000e+06
33 529 1.167036e-01 1.161096e+00  1.320760000000000000e+06  1.320760000000000000e+06  2.123880000000000000e+06  2.316053000000000000e+06
34 545 1.165895e-01 1.163940e+00  1.320760000000000000e+06  1.796998000000000000e+06  2.096221000000000000e+06  2.191144000000000000e+06
35 561 1.162941e-01 1.167046e+00  1.320760000000000000e+06  1.860818000000000000e+06  2.083252000000000000e+06  2.187997000000000000e+06
36 577 1.160216e-01 1.172203e+00  1.310320000000000000e+06  1.310320000000000000e+06  2.099211500000000000e+06  2.380137000000000000e+06
37 593 1.159553e-01 1.176024e+00  1.310320000000000000e+06  1.590388000000000000e+06  2.116476000000000000e+06  2.393140000000000000e+06
38 609 1.158542e-01 1.179939e+00  1.310320000000000000e+06  1.515733000000000000e+06  2.088167000000000000e+06  2.338150000000000000e+06
39 625 1.156140e-01 1.184065e+00  1.310320000000000000e+06  1.826029000000000000e+06  2.202994000000000000e+06  2.391213000000000000e+06
40 641 1.153358e-01 1.187452e+00  1.310320000000000000e+06  1.825096000000000000e+06  2.151270000000000000e+06  2.346180000000000000e+06
41 657 1.152041e-01 1.192331e+00  1.310320000000000000e+06  1.375676000000000000e+06  2.042846000000000000e+06  2.308315000000000000e+06
42 673 1.141900e-01 1.197457e+00  1.310320000000000000e+06  1.985116000000000000e+06  2.273358000000000000e+06  2.380365000000000000e+06
43 689 1.136834e-01 1.204889e+00  1.276129000000000000e+06  1.276129000000000000e+06  2.021712500000000000e+06  2.344201000000000000e+06
44 705 1.133769e-01 1.211613e+00  1.276129000000000000e+06  1.810024000000000000e+06  2.163693000000000000e+06  2.317037000000000000e+06
45 721 1.117108e-01 1.218142e+00  1.276129000000000000e+06  1.635052000000000000e+06  2.139827000000000000e+06  2.324876000000000000e+06
46 737 1.100036e-01 1.223893e+00  1.276129000000000000e+06  1.768934000000000000e+06  2.202184000000000000e+06  2.296679000000000000e+06
47 753 1.076717e-01 1.227518e+00  1.276129000000000000e+06  1.766675000000000000e+06  2.169048000000000000e+06  2.310069000000000000e+06
48 769 1.065569e-01 1.230060e+00  1.276129000000000000e+06  1.574174000000000000e+06  2.106793500000000000e+06  2.396069000000000000e+06
49 785 1.064284e-01 1.233059e+00  1.276129000000000000e+06  1.731971000000000000e+06  2.094940000000000000e+06  2.298580000000000000e+06
50 801 1.068706e-01 1.235387e+00  1.276129000000000000e+06  1.771547000000000000e+06  2.088564500000000000e+06  2.321602000000000000e+06
51 817 1.072335e-01 1.238045e+00  1.276129000000000000e+06  1.869605000000000000e+06  2.158003500000000000e+06  2.294157000000000000e+06
52 833 1.063566e-01 1.240225e+00  1.276129000000000000e+06  1.678383000000000000e+06  2.085081000000000000e+06  2.291474000000000000e+06
53 849 1.054832e-01 1.242334e+00  1.276129000000000000e+06  1.927603000000000000e+06  2.102957500000000000e+06  2.378388000000000000e+06
54 865 1.044367e-01 1.244527e+00  1.276129000000000000e+06  1.603052000000000000e+06  2.071734500000000000e+06  2.340833000000000000e+06
55 881 1.030316e-01 1.246725e+00  1.276129000000000000e+06  1.816158000000000000e+06  2.047380500000000000e+06  2.199611000000000000e+06
56 897 1.021197e-01 1.248748e+00  1.276129000000000000e+06  1.895341000000000000e+06  2.176165000000000000e+06  2.344980000000000000e+06
57 913 1.014220e-01 1.249754e+00  1.276129000000000000e+06  1.896652000000000000e+06  2.135804000000000000e+06  2.340381000000000000e+06
58 929 9.982150e-02 1.251520e+00  1.276129000000000000e+06  1.796804000000000000e+06  2.111673000000000000e+06  2.299554000000000000e+06
59 945 9.854842e-02 1.253120e+00  1.276129000000000000e+06  1.882749000000000000e+06  2.135782500000000000e+06  2.324978000000000000e+06
60 961 9.715050e-02 1.254805e+00  1.276129000000000000e+06  1.677429000000000000e+06  2.114366500000000000e+06  2.372055000000000000e+06
61 977 9.635412e-02 1.254678e+00  1.276129000000000000e+06  1.667322000000000000e+06  2.099834500000000000e+06  2.390328000000000000e+06
62 993 9.631766e-02 1.255288e+00  1.276129000000000000e+06  1.665303000000000000e+06  2.109205000000000000e+06  2.308147000000000000e+06
63 1009 9.649929e-02 1.257200e+00  1.276129000000000000e+06  1.764003000000000000e+06  2.131737000000000000e+06  2.415719000000000000e+06
64 1025 9.621044e-02 1.258168e+00  1.276129000000000000e+06  1.724316000000000000e+06  2.153700500000000000e+06  2.363873000000000000e+06
65 1041 9.617234e-02 1.258928e+00  1.276129000000000000e+06  1.739669000000000000e+06  2.172913500000000000e+06  2.326991000000000000e+06
66 1057 9.586982e-02 1.258853e+00  1.212131000000000000e+06  1.212131000000000000e+06  2.110743000000000000e+06  2.280941000000000000e+06
67 1073 9.543335e-02 1.259025e+00  1.212131000000000000e+06  1.823061000000000000e+06  2.119710500000000000e+06  2.301157000000000000e+06
68 1089 9.495043e-02 1.259671e+00  1.212131000000000000e+06  1.936540000000000000e+06  2.132280500000000000e+06  2.267266000000000000e+06
69 1105 9.487185e-02 1.260945e+00  1.212131000000000000e+06  2.014790000000000000e+06  2.204947500000000000e+06  2.421901000000000000e+06
70 1121 9.417566e-02 1.261395e+00  1.212131000000000000e+06  1.829127000000000000e+06  2.172479500000000000e+06  2.317879000000000000e+06
71 1137 9.342036e-02 1.261949e+00  1.212131000000000000e+06  1.872833000000000000e+06  2.125287500000000000e+06  2.370301000000000000e+06
72 1153 9.255058e-02 1.264155e+00  1.212131000000000000e+06  1.739153000000000000e+06  2.165103500000000000e+06  2.340059000000000000e+06
73 1169 9.268158e-02 1.267838e+00  1.212131000000000000e+06  1.571876000000000000e+06  2.114739500000000000e+06  2.263820000000000000e+06
74 1185 9.212483e-02 1.270622e+00  1.212131000000000000e+06  1.824794000000000000e+06  2.168981000000000000e+06  2.349965000000000000e+06
75 1201 9.193507e-02 1.271716e+00  1.212131000000000000e+06  1.891463000000000000e+06  2.185603500000000000e+06  2.315600000000000000e+06
76 1217 9.229852e-02 1.273976e+00  1.212131000000000000e+06  1.758878000000000000e+06  2.162287000000000000e+06  2.385628000000000000e+06
77 1233 9.223063e-02 1.274732e+00  1.212131000000000000e+06  2.032120000000000000e+06  2.189655500000000000e+06  2.483138000000000000e+06
78 1249 9.244853e-02 1.276592e+00  1.212131000000000000e+06  1.951718000000000000e+06  2.155409000000000000e+06  2.361586000000000000e+06
79 1265 9.251513e-02 1.277226e+00  1.212131000000000000e+06  1.946408000000000000e+06  2.231756500000000000e+06  2.404748000000000000e+06
80 1281 9.291869e-02 1.279260e+00  1.212131000000000000e+06  1.870905000000000000e+06  2.148847500000000000e+06  2.373652000000000000e+06
81 1297 9.314372e-02 1.280087e+00  1.212131000000000000e+06  1.305792000000000000e+06  2.135735000000000000e+06  2.347456000000000000e+06
82 1313 9.411075e-02 1.281537e+00  1.212131000000000000e+06  1.835517000000000000e+06  2.074501500000000000e+06  2.416359000000000000e+06
83 1329 9.447384e-02 1.282527e+00  1.212131000000000000e+06  1.920626000000000000e+06  2.235421500000000000e+06  2.411763000000000000e+06
84 1345 9.450684e-02 1.283786e+00  1.212131000000000000e+06  1.562259000000000000e+06  2.154161000000000000e+06  2.358641000000000000e+06
85 1361 9.373309e-02 1.287824e+00  1.212131000000000000e+06  1.813282000000000000e+06  2.145911500000000000e+06  2.388418000000000000e+06
86 1377 9.255480e-02 1.289545e+00  1.212131000000000000e+06  1.897156000000000000e+06  2.180596000000000000e+06  2.335659000000000000e+06
87 1393 9.270066e-02 1.292088e+00  1.212131000000000000e+06  1.706271000000000000e+06  2.110519500000000000e+06  2.307126000000000000e+06
88 1409 9.303004e-02 1.295399e+00  1.212131000000000000e+06  1.790507000000000000e+06  2.084859000000000000e+06  2.289182000000000000e+06
89 1425 9.340951e-02 1.300126e+00  1.212131000000000000e+06  1.592803000000000000e+06  2.198123000000000000e+06  2.480591000000000000e+06
90 1441 9.415587e-02 1.305059e+00  1.066191000000000000e+06  1.066191000000000000e+06  2.123214000000000000e+06  2.426618000000000000e+06
91 1457 9.507856e-02 1.308918e+00  1.066191000000000000e+06  1.668382000000000000e+06  2.122176500000000000e+06  2.433973000000000000e+06
92 1473 9.579475e-02 1.311295e+00  1.066191000000000000e+06  1.663916000000000000e+06  2.088957500000000000e+06  2.543730000000000000e+06
93 1489 9.587246e-02 1.315189e+00  1.066191000000000000e+06  1.223398000000000000e+06  2.185147500000000000e+06  2.385832000000000000e+06
94 1505 9.580483e-02 1.318993e+00  1.066191000000000000e+06  1.879233000000000000e+06  2.203710000000000000e+06  2.314836000000000000e+06
95 1521 9.582114e-02 1.326299e+00  1.066191000000000000e+06  1.852722000000000000e+06  2.110915000000000000e+06  2.419180000000000000e+06
96 1537 9.631013e-02 1.332314e+00  1.066191000000000000e+06  1.495358000000000000e+06  2.082363500000000000e+06  2.311277000000000000e+06
97 1553 9.582902e-02 1.336687e+00  1.066191000000000000e+06  1.751221000000000000e+06  2.149480000000000000e+06  2.373360000000000000e+06
98 1569 9.469599e-02 1.339532e+00  1.066191000000000000e+06  1.208158000000000000e+06  2.072104000000000000e+06  2.411281000000000000e+06
99 1585 9.375634e-02 1.342306e+00  1.066191000000000000e+06  1.692290000000000000e+06  2.092177500000000000e+06  2.377640000000000000e+06
100 1601 9.265221e-02 1.346545e+00  1.066191000000000000e+06  1.426006000000000000e+06  2.103655500000000000e+06  2.404638000000000000e+06
101 1617 9.155252e-02 1.352706e+00  1.066191000000000000e+06  1.525125000000000000e+06  2.086108000000000000e+06  2.294547000000000000e+06
102 1633 9.069183e-02 1.357649e+00  1.066191000000000000e+06  1.539488000000000000e+06  2.184948500000000000e+06  2.474547000000000000e+06
103 1649 8.949754e-02 1.363082e+00  1.066191000000000000e+06  1.766375000000000000e+06  2.075450500000000000e+06  2.324254000000000000e+06
104 1665 8.802108e-02 1.365958e+00  1.066191000000000000e+06  1.661306000000000000e+06  2.173921000000000000e+06  2.356298000000000000e+06
105 1681 8.675880e-02 1.367459e+00  1.066191000000000000e+06  1.795429000000000000e+06  2.191093500000000000e+06  2.443675000000000000e+06
106 1697 8.624955e-02 1.369788e+00  1.066191000000000000e+06  1.864068000000000000e+06  2.239058000000000000e+06  2.481790000000000000e+06
107 1713 8.569075e-02 1.371793e+00  1.066191000000000000e+06  1.750535000000000000e+06  2.119536000000000000e+06  2.542878000000000000e+06
108 1729 8.540202e-02 1.374194e+00  1.066191000000000000e+06  1.777819000000000000e+06  2.202580000000000000e+06  2.558219000000000000e+06
109 1745 8.628120e-02 1.374803e+00  1.066191000000000000e+06  1.575733000000000000e+06  2.120966000000000000e+06  2.411878000000000000e+06
110 1761 8.697369e-02 1.375382e+00  1.066191000000000000e+06  1.964322000000000000e+06  2.164357500000000000e+06  2.435809000000000000e+06
111 1777 8.716513e-02 1.376183e+00  1.066191000000000000e+06  1.412307000000000000e+06  2.022186500000000000e+06  2.378631000000000000e+06
112 1793 8.850943e-02 1.376309e+00  1.066191000000000000e+06  1.945847000000000000e+06  2.101507500000000000e+06  2.297168000000000000e+06
113 1809 8.932680e-02 1.377708e+00  1.066191000000000000e+06  1.457225000000000000e+06  2.116426000000000000e+06  2.466514000000000000e+06
114 1825 8.973381e-02 1.377935e+00  1.066191000000000000e+06  1.572228000000000000e+06  2.236250500000000000e+06  2.473394000000000000e+06
115 1841 8.989535e-02 1.377955e+00  1.066191000000000000e+06  1.460715000000000000e+06  2.163375000000000000e+06  2.427987000000000000e+06
116 1857 9.044060e-02 1.379599e+00  1.066191000000000000e+06  1.888150000000000000e+06  2.154151500000000000e+06  2.352197000000000000e+06
117 1873 9.118249e-02 1.379786e+00  1.066191000000000000e+06  1.561941000000000000e+06  2.053408000000000000e+06  2.397221000000000000e+06
118 1889 9.120633e-02 1.379380e+00  1.066191000000000000e+06  1.878663000000000000e+06  2.118870000000000000e+06  2.252812000000000000e+06
119 1905 9.045388e-02 1.379677e+00  1.066191000000000000e+06  1.702357000000000000e+06  2.105542000000000000e+06  2.417991000000000000e+06
120 1921 8.981441e-02 1.379694e+00  1.066191000000000000e+06  1.416805000000000000e+06  2.113114500000000000e+06  2.251578000000000000e+06
121 1937 8.871794e-02 1.380137e+00  1.066191000000000000e+06  1.960461000000000000e+06  2.108230500000000000e+06  2.329005000000000000e+06
122 1953 8.834630e-02 1.380403e+00  1.066191000000000000e+06  1.760675000000000000e+06  2.144175000000000000e+06  2.333784000000000000e+06
123 1969 8.784789e-02 1.379386e+00  1.066191000000000000e+06  1.930500000000000000e+06  2.152475500000000000e+06  2.297550000000000000e+06
124 1985 8.765451e-02 1.381008e+00  1.066191000000000000e+06  1.618706000000000000e+06  2.155179000000000000e+06  2.359269000000000000e+06
125 2001 8.756170e-02 1.381165e+00  1.066191000000000000e+06  1.386288000000000000e+06  2.025048000000000000e+06  2.262951000000000000e+06
126 2017 8.753926e-02 1.381215e+00  1.066191000000000000e+06  1.439440000000000000e+06  2.050814000000000000e+06  2.225118000000000000e+06
127 2033 8.696655e-02 1.382981e+00  1.066191000000000000e+06  1.365639000000000000e+06  1.989507000000000000e+06  2.263635000000000000e+06
128 2049 8.612534e-02 1.382554e+00  1.066191000000000000e+06  1.516640000000000000e+06  2.035533500000000000e+06  2.346706000000000000e+06
129 2065 8.521077e-02 1.382302e+00  1.066191000000000000e+06  1.612521000000000000e+06  2.022354500000000000e+06  2.241564000000000000e+06
130 2081 8.381293e-02 1.381282e+00  1.066191000000000000e+06  1.283439000000000000e+06  2.126781500000000000e+06  2.417767000000000000e+06
131 2097 8.230210e-02 1.381865e+00  1.066191000000000000e+06  1.444521000000000000e+06  2.093120500000000000e+06  2.420457000000000000e+06
132 2113 8.131224e-02 1.382889e+00  1.066191000000000000e+06  1.660742000000000000e+06  2.056190000000000000e+06  2.435893000000000000e+06
133 2129 8.101082e-02 1.383440e+00  1.066191000000000000e+06  1.793510000000000000e+06  2.163029000000000000e+06  2.304014000000000000e+06
134 2145 8.050825e-02 1.383670e+00  1.066191000000000000e+06  1.593960000000000000e+06  2.038983000000000000e+06  2.218661000000000000e+06
135 2161 7.996926e-02 1.383029e+00  1.066191000000000000e+06  1.629491000000000000e+06  2.100262500000000000e+06  2.323444000000000000e+06
136 2177 7.957897e-02 1.383062e+00  1.066191000000000000e+06  1.515214000000000000e+06  2.135106000000000000e+06  2.401600000000000000e+06
137 2193 7.926629e-02 1.385280e+00  1.066191000000000000e+06  1.814517000000000000e+06  2.065053500000000000e+06  2.261120000000000000e+06
138 2209 7.904073e-02 1.385714e+00  1.066191000000000000e+06  1.552574000000000000e+06  2.079558500000000000e+06  2.213475000000000000e+06
139 2225 7.889422e-02 1.385803e+00  1.066191000000000000e+06  1.571191000000000000e+06  2.088407500000000000e+06  2.268697000000000000e+06
140 2241 7.871867e-02 1.386575e+00  1.066191000000000000e+06  1.851953000000000000e+06  2.117396500000000000e+06  2.304583000000000000e+06
141 2257 7.857290e-02 1.386721e+00  1.066191000000000000e+06  1.729277000000000000e+06  2.126364500000000000e+06  2.328452000000000000e+06
142 2273 7.812762e-02 1.386601e+00  1.066191000000000000e+06  1.707800000000000000e+06  2.054267000000000000e+06  2.272451000000000000e+06
143 2289 7.760968e-02 1.389927e+00  1.066191000000000000e+06  1.403845000000000000e+06  2.085524000000000000e+06  2.274203000000000000e+06
144 2305 7.780767e-02 1.390611e+00  1.066191000000000000e+06  1.637610000000000000e+06  2.028649000000000000e+06  2.196233000000000000e+06
145 2321 7.791619e-02 1.393355e+00  1.066191000000000000e+06  1.298204000000000000e+06  2.050281000000000000e+06  2.303898000000000000e+06
146 2337 7.755272e-02 1.393860e+00  1.066191000000000000e+06  1.541712000000000000e+06  2.100710000000000000e+06  2.289780000000000000e+06
147 2353 7.636278e-02 1.394553e+00  1.066191000000000000e+06  1.567188000000000000e+06  2.116599500000000000e+06  2.255572000000000000e+06
148 2369 7.616961e-02 1.394572e+00  9.352320000000000000e+05  9.352320000000000000e+05  2.066179500000000000e+06  2.205464000000000000e+06
149 2385 7.627408e-02 1.395187e+00  9.352320000000000000e+05  1.667312000000000000e+06  2.103936000000000000e+06  2.303143000000000000e+06
150 2401 7.674683e-02 1.395210e+00  9.352320000000000000e+05  9.752600000000000000e+05  2.046950000000000000e+06  2.278086000000000000e+06
151 2417 7.688273e-02 1.395857e+00  9.352320000000000000e+05  1.499394000000000000e+06  1.933701500000000000e+06  2.212335000000000000e+06
152 2433 7.672223e-02 1.396413e+00  9.352320000000000000e+05  1.457256000000000000e+06  2.064795000000000000e+06  2.243097000000000000e+06
153 2449 7.711052e-02 1.393992e+00  9.352320000000000000e+05  1.549135000000000000e+06  2.007697000000000000e+06  2.269036000000000000e+06
154 2465 7.755862e-02 1.394374e+00  9.352320000000000000e+05  1.281716000000000000e+06  2.090731500000000000e+06  2.479200000000000000e+06
155 2481 7.731709e-02 1.394961e+00  9.352320000000000000e+05  1.128702000000000000e+06  2.098456000000000000e+06  2.299754000000000000e+06
156 2497 7.630666e-02 1.395597e+00  9.352320000000000000e+05  1.345473000000000000e+06  2.076345500000000000e+06  2.256215000000000000e+06
157 2513 7.504442e-02 1.397458e+00  9.352320000000000000e+05  1.647203000000000000e+06  2.053048000000000000e+06  2.329208000000000000e+06
158 2529 7.405661e-02 1.397456e+00  9.352320000000000000e+05  1.688880000000000000e+06  2.023581000000000000e+06  2.210168000000000000e+06
159 2545 7.319439e-02 1.398215e+00  9.352320000000000000e+05  1.556120000000000000e+06  2.078440500000000000e+06  2.309339000000000000e+06
160 2561 7.194645e-02 1.397969e+00  9.352320000000000000e+05  1.416370000000000000e+06  2.091238000000000000e+06  2.330822000000000000e+06
161 2577 7.071996e-02 1.397330e+00  9.352320000000000000e+05  1.710782000000000000e+06  2.083293000000000000e+06  2.268268000000000000e+06
162 2593 6.937176e-02 1.397681e+00  9.352320000000000000e+05  1.302602000000000000e+06  1.952589500000000000e+06  2.340160000000000000e+06
163 2609 6.799562e-02 1.397809e+00  9.352320000000000000e+05  1.226013000000000000e+06  2.054589500000000000e+06  2.232693000000000000e+06
164 2625 6.696181e-02 1.398247e+00  9.352320000000000000e+05  1.384970000000000000e+06  1.838429000000000000e+06  2.201331000000000000e+06
165 2641 6.647804e-02 1.397878e+00  9.352320000000000000e+05  1.548722000000000000e+06  1.926975500000000000e+06  2.253710000000000000e+06
166 2657 6.605788e-02 1.396720e+00  9.352320000000000000e+05  1.408587000000000000e+06  2.007354000000000000e+06  2.320949000000000000e+06
167 2673 6.533642e-02 1.397062e+00  9.352320000000000000e+05  1.456609000000000000e+06  2.019383500000000000e+06  2.346530000000000000e+06
168 2689 6.451279e-02 1.397767e+00  9.352320000000000000e+05  1.328173000000000000e+06  1.997192000000000000e+06  2.240088000000000000e+06
169 2705 6.377907e-02 1.398585e+00  9.352320000000000000e+05  1.226327000000000000e+06  1.955490500000000000e+06  2.272797000000000000e+06
170 2721 6.288153e-02 1.398327e+00  9.352320000000000000e+05  1.627634000000000000e+06  2.077831500000000000e+06  2.325224000000000000e+06
171 2737 6.238427e-02 1.397922e+00  9.352320000000000000e+05  1.659773000000000000e+06  1.873679000000000000e+06  2.201765000000000000e+06
172 2753 6.161751e-02 1.398300e+00  9.352320000000000000e+05  1.814336000000000000e+06  2.103463000000000000e+06  2.236496000000000000e+06
173 2769 6.106967e-02 1.398720e+00  9.352320000000000000e+05  1.272817000000000000e+06  1.924117000000000000e+06  2.307643000000000000e+06
174 2785 6.045842e-02 1.398677e+00  9.352320000000000000e+05  1.422988000000000000e+06  2.054060000000000000e+06  2.171281000000000000e+06
175 2801 5.966062e-02 1.399392e+00  9.352320000000000000e+05  1.246629000000000000e+06  2.102416500000000000e+06  2.198570000000000000e+06
176 2817 5.885247e-02 1.399453e+00  9.352320000000000000e+05  1.870791000000000000e+06  2.051321500000000000e+06  2.169177000000000000e+06
177 2833 5.771280e-02 1.400316e+00  9.352320000000000000e+05  1.341671000000000000e+06  1.985701000000000000e+06  2.171849000000000000e+06
178 2849 5.692041e-02 1.402502e+00  9.352320000000000000e+05  1.691379000000000000e+06  2.079527000000000000e+06  2.236444000000000000e+06
179 2865 5.594933e-02 1.403128e+00  9.352320000000000000e+05  1.652202000000000000e+06  1.930987500000000000e+06  2.193975000000000000e+06
180 2881 5.471579e-02 1.403470e+00  9.352320000000000000e+05  1.550564000000000000e+06  1.940439500000000000e+06  2.169985000000000000e+06
181 2897 5.360219e-02 1.403226e+00  9.352320000000000000e+05  1.521722000000000000e+06  2.032651000000000000e+06  2.172898000000000000e+06
182 2913 5.269788e-02 1.402237e+00  9.352320000000000000e+05  1.535458000000000000e+06  2.049658000000000000e+06  2.185728000000000000e+06
183 2929 5.199507e-02 1.402385e+00  9.352320000000000000e+05  1.453861000000000000e+06  1.955921000000000000e+06  2.205853000000000000e+06
184 2945 5.158784e-02 1.401613e+00  9.352320000000000000e+05  1.463109000000000000e+06  2.026544000000000000e+06  2.281976000000000000e+06
185 2961 5.146654e-02 1.401930e+00  9.352320000000000000e+05  1.427190000000000000e+06  1.979514000000000000e+06  2.269108000000000000e+06
186 2977 5.174929e-02 1.402565e+00  9.352320000000000000e+05  1.376030000000000000e+06  2.002015500000000000e+06  2.346637000000000000e+06
187 2993 5.189405e-02 1.402885e+00  9.352320000000000000e+05  1.574854000000000000e+06  1.941685000000000000e+06  2.197054000000000000e+06
188 3009 5.193777e-02 1.402788e+00  9.352320000000000000e+05  9.768360000000000000e+05  2.032541500000000000e+06  2.199539000000000000e+06
189 3025 5.181974e-02 1.402882e+00  9.352320000000000000e+05  1.490849000000000000e+06  1.952280000000000000e+06  2.238404000000000000e+06
190 3041 5.176894e-02 1.402702e+00  9.352320000000000000e+05  1.460526000000000000e+06  1.876817000000000000e+06  2.200419000000000000e+06
191 3057 5.187228e-02 1.402639e+00  9.352320000000000000e+05  1.259017000000000000e+06  1.995644000000000000e+06  2.159921000000000000e+06
192 3073 5.230106e-02 1.402805e+00  9.352320000000000000e+05  1.857298000000000000e+06  2.083973000000000000e+06  2.211397000000000000e+06
193 3089 5.277447e-02 1.402179e+00  9.352320000000000000e+05  1.333138000000000000e+06  1.895692500000000000e+06  2.269699000000000000e+06
194 3105 5.308941e-02 1.402551e+00  9.352320000000000000e+05  1.442882000000000000e+06  1.959497500000000000e+06  2.312208000000000000e+06
195 3121 5.294795e-02 1.403380e+00  9.352320000000000000e+05  1.287325000000000000e+06  2.065015500000000000e+06  2.245546000000000000e+06
196 3137 5.288300e-02 1.402337e+00  9.352320000000000000e+05  1.174510000000000000e+06  1.990071500000000000e+06  2.287795000000000000e+06
197 3153 5.298955e-02 1.402323e+00  9.352320000000000000e+05  1.337279000000000000e+06  1.939082000000000000e+06  2.258192000000000000e+06
198 3169 5.308246e-02 1.402694e+00  9.352320000000000000e+05  1.717858000000000000e+06  2.073573000000000000e+06  2.264528000000000000e+06
199 3185 5.287481e-02 1.401299e+00  9.352320000000000000e+05  1.550544000000000000e+06  1.976981500000000000e+06  2.341016000000000000e+06
200 3201 5.319847e-02 1.399841e+00  9.352320000000000000e+05  1.341312000000000000e+06  1.943972000000000000e+06  2.419289000000000000e+06
201 3217 5.380337e-02 1.399646e+00  9.352320000000000000e+05  1.399879000000000000e+06  1.930617000000000000e+06  2.169050000000000000e+06
202 3233 5.411755e-02 1.400641e+00  9.352320000000000000e+05  1.738415000000000000e+06  1.961126500000000000e+06  2.196945000000000000e+06
203 3249 5.442471e-02 1.400963e+00  9.352320000000000000e+05  1.164138000000000000e+06  1.895884000000000000e+06  2.192535000000000000e+06
204 3265 5.435917e-02 1.401551e+00  9.352320000000000000e+05  1.624929000000000000e+06  2.029332500000000000e+06  2.221925000000000000e+06
205 3281 5.405383e-02 1.401320e+00  9.352320000000000000e+05  1.346895000000000000e+06  1.980207500000000000e+06  2.191399000000000000e+06
206 3297 5.374408e-02 1.400839e+00  9.352320000000000000e+05  1.368793000000000000e+06  1.872190000000000000e+06  2.184442000000000000e+06
207 3313 5.333725e-02 1.400447e+00  9.352320000000000000e+05  1.225512000000000000e+06  1.913529000000000000e+06  2.200903000000000000e+06
208 3329 5.307039e-02 1.402833e+00  9.352320000000000000e+05  1.504495000000000000e+06  1.866787000000000000e+06  2.136228000000000000e+06
209 3345 5.265262e-02 1.403823e+00  9.352320000000000000e+05  1.591443000000000000e+06  2.075423500000000000e+06  2.253968000000000000e+06
210 3361 5.233255e-02 1.402799e+00  9.352320000000000000e+05  1.611477000000000000e+06  2.003729500000000000e+06  2.135064000000000000e+06
211 3377 5.202961e-02 1.403899e+00  9.352320000000000000e+05  1.367017000000000000e+06  1.979997000000000000e+06  2.136329000000000000e+06
212 3393 5.195055e-02 1.407318e+00  9.352320000000000000e+05  1.568584000000000000e+06  1.974231500000000000e+06  2.137875000000000000e+06
213 3409 5.137291e-02 1.408742e+00  9.352320000000000000e+05  1.205188000000000000e+06  1.869212500000000000e+06  2.241838000000000000e+06
214 3425 5.071534e-02 1.410605e+00  9.352320000000000000e+05  1.611743000000000000e+06  1.956561500000000000e+06  2.187967000000000000e+06
215 3441 4.993196e-02 1.409711e+00  9.352320000000000000e+05  1.400134000000000000e+06  1.799379500000000000e+06  2.128197000000000000e+06
216 3457 4.929385e-02 1.410061e+00  9.352320000000000000e+05  1.146629000000000000e+06  1.784858000000000000e+06  2.169244000000000000e+06
217 3473 4.845287e-02 1.411387e+00  9.352320000000000000e+05  1.574617000000000000e+06  1.975160000000000000e+06  2.244569000000000000e+06
218 3489 4.767347e-02 1.412320e+00  9.352320000000000000e+05  1.455946000000000000e+06  1.982207500000000000e+06  2.171050000000000000e+06
219 3505 4.705324e-02 1.415279e+00  9.352320000000000000e+05  1.344438000000000000e+06  1.804032500000000000e+06  2.230550000000000000e+06
220 3521 4.648618e-02 1.415578e+00  9.352320000000000000e+05  1.342890000000000000e+06  1.903408000000000000e+06  2.225500000000000000e+06
221 3537 4.599684e-02 1.415887e+00  9.352320000000000000e+05  1.365099000000000000e+06  1.939268500000000000e+06  2.189006000000000000e+06
222 3553 4.540486e-02 1.416245e+00  9.352320000000000000e+05  1.393735000000000000e+06  1.871863000000000000e+06  2.124042000000000000e+06
223 3569 4.525785e-02 1.419081e+00  9.352320000000000000e+05  1.432358000000000000e+06  1.953659000000000000e+06  2.203966000000000000e+06
224 3585 4.495841e-02 1.419778e+00  9.352320000000000000e+05  1.469583000000000000e+06  2.037119500000000000e+06  2.230464000000000000e+06
225 3601 4.479399e-02 1.420301e+00  9.352320000000000000e+05  1.437475000000000000e+06  2.075639500000000000e+06  2.196064000000000000e+06
226 3617 4.423079e-02 1.421324e+00  9.352320000000000000e+05  1.512063000000000000e+06  2.040657000000000000e+06  2.253503000000000000e+06
227 3633 4.371743e-02 1.422063e+00  9.352320000000000000e+05  1.414214000000000000e+06  1.989917000000000000e+06  2.120121000000000000e+06
228 3649 4.343438e-02 1.421679e+00  9.352320000000000000e+05  1.508881000000000000e+06  1.826593000000000000e+06  2.226706000000000000e+06
229 3665 4.337407e-02 1.420728e+00  9.352320000000000000e+05  1.055956000000000000e+06  1.994015000000000000e+06  2.180939000000000000e+06
230 3681 4.344003e-02 1.421036e+00  9.352320000000000000e+05  1.347117000000000000e+06  1.912446000000000000e+06  2.116606000000000000e+06
231 3697 4.341693e-02 1.421488e+00  9.352320000000000000e+05  1.329825000000000000e+06  1.894556500000000000e+06  2.141776000000000000e+06
232 3713 4.363647e-02 1.425174e+00  9.352320000000000000e+05  1.190762000000000000e+06  1.996891000000000000e+06  2.264627000000000000e+06
233 3729 4.373462e-02 1.426686e+00  9.352320000000000000e+05  1.164491000000000000e+06  1.813356500000000000e+06  2.167677000000000000e+06
234 3745 4.373573e-02 1.429334e+00  9.352320000000000000e+05  1.549803000000000000e+06  2.013517000000000000e+06  2.207700000000000000e+06
235 3761 4.395775e-02 1.430244e+00  9.352320000000000000e+05  1.645247000000000000e+06  2.003299000000000000e+06  2.184303000000000000e+06
236 3777 4.413351e-02 1.431856e+00  9.352320000000000000e+05  1.566331000000000000e+06  1.836850000000000000e+06  2.157621000000000000e+06
237 3793 4.381148e-02 1.433420e+00  9.352320000000000000e+05  1.448732000000000000e+06  1.905783500000000000e+06  2.253388000000000000e+06
238 3809 4.346834e-02 1.433703e+00  9.352320000000000000e+05  1.205447000000000000e+06  1.821274500000000000e+06  2.145374000000000000e+06
239 3825 4.290316e-02 1.435482e+00  9.352320000000000000e+05  1.400907000000000000e+06  1.964315500000000000e+06  2.152753000000000000e+06
240 3841 4.241845e-02 1.437976e+00  9.352320000000000000e+05  1.312095000000000000e+06  1.947639500000000000e+06  2.236489000000000000e+06
241 3857 4.209672e-02 1.439339e+00  9.352320000000000000e+05  1.578732000000000000e+06  2.003611000000000000e+06  2.237060000000000000e+06
242 3873 4.154671e-02 1.439032e+00  9.352320000000000000e+05  1.603671000000000000e+06  1.981697000000000000e+06  2.170483000000000000e+06
243 3889 4.098900e-02 1.440014e+00  9.352320000000000000e+05  1.601575000000000000e+06  2.037657000000000000e+06  2.239358000000000000e+06
244 3905 4.029484e-02 1.440228e+00  9.352320000000000000e+05  1.674656000000000000e+06  1.979240500000000000e+06  2.173849000000000000e+06
245 3921 4.007463e-02 1.440432e+00  9.352320000000000000e+05  1.373347000000000000e+06  2.069411000000000000e+06  2.231524000000000000e+06
246 3937 4.017033e-02 1.440908e+00  9.352320000000000000e+05  1.765718000000000000e+06  1.986990500000000000e+06  2.141460000000000000e+06
247 3953 4.031584e-02 1.441085e+00  9.352320000000000000e+05  1.412915000000000000e+06  1.865168000000000000e+06  2.299290000000000000e+06
248 3969 4.026314e-02 1.441212e+00  9.352320000000000000e+05  1.530954000000000000e+06  1.991563000000000000e+06  2.168301000000000000e+06
249 3985 4.004698e-02 1.441922e+00  9.352320000000000000e+05  1.160453000000000000e+06  1.924261000000000000e+06  2.243019000000000000e+06
250 4001 3.942898e-02 1.442838e+00  9.352320000000000000e+05  1.194586000000000000e+06  1.939280000000000000e+06  2.295099000000000000e+06
251 4017 3.885047e-02 1.443583e+00  9.352320000000000000e+05  1.647812000000000000e+06  1.903479500000000000e+06  2.144389000000000000e+06
252 4033 3.811123e-02 1.444400e+00  9.352320000000000000e+05  1.309897000000000000e+06  1.926583500000000000e+06  2.167579000000000000e+06
253 4049 3.730711e-02 1.445630e+00  9.352320000000000000e+05  1.785988000000000000e+06  1.963684500000000000e+06  2.198374000000000000e+06
254 4065 3.656767e-02 1.445742e+00  9.352320000000000000e+05  1.642516000000000000e+06  1.995829500000000000e+06  2.156806000000000000e+06
255 4081 3.629554e-02 1.446820e+00  9.352320000000000000e+05  1.343143000000000000e+06  1.879031500000000000e+06  2.030084000000000000e+06
256 4097 3.636801e-02 1.445911e+00  9.352320000000000000e+05  1.635881000000000000e+06  1.948523000000000000e+06  2.249583000000000000e+06
257 4113 3.648833e-02 1.446871e+00  9.352320000000000000e+05  1.665824000000000000e+06  2.053091000000000000e+06  2.211028000000000000e+06
258 4129 3.668917e-02 1.447701e+00  9.352320000000000000e+05  1.233986000000000000e+06  2.043093000000000000e+06  2.260107000000000000e+06
259 4145 3.668333e-02 1.449498e+00  9.352320000000000000e+05  1.814326000000000000e+06  2.003211000000000000e+06  2.165507000000000000e+06
260 4161 3.689142e-02 1.449866e+00  9.352320000000000000e+05  1.317025000000000000e+06  1.878065000000000000e+06  2.151767000000000000e+06
261 4177 3.704722e-02 1.448956e+00  9.352320000000000000e+05  1.711126000000000000e+06  2.047704000000000000e+06  2.303754000000000000e+06
262 4193 3.714477e-02 1.449378e+00  9.352320000000000000e+05  1.489736000000000000e+06  1.897704000000000000e+06  2.230381000000000000e+06
263 4209 3.726976e-02 1.452952e+00  9.352320000000000000e+05  1.492673000000000000e+06  2.019209000000000000e+06  2.206707000000000000e+06
264 4225 3.690199e-02 1.454061e+00  9.352320000000000000e+05  1.301225000000000000e+06  1.866189000000000000e+06  2.174004000000000000e+06
265 4241 3.653615e-02 1.455482e+00  9.352320000000000000e+05  1.161795000000000000e+06  1.782310500000000000e+06  2.161671000000000000e+06
266 4257 3.628464e-02 1.457053e+00  9.352320000000000000e+05  1.255983000000000000e+06  1.976249500000000000e+06  2.148798000000000000e+06
267 4273 3.588927e-02 1.460033e+00  9.352320000000000000e+05  1.889665000000000000e+06  2.086195500000000000e+06  2.237015000000000000e+06
268 4289 3.556909e-02 1.462828e+00  9.352320000000000000e+05  1.097113000000000000e+06  2.019833000000000000e+06  2.195514000000000000e+06
269 4305 3.549281e-02 1.463927e+00  9.352320000000000000e+05  1.659857000000000000e+06  1.840734500000000000e+06  2.195015000000000000e+06
270 4321 3.544069e-02 1.465586e+00  9.352320000000000000e+05  1.413478000000000000e+06  1.957566000000000000e+06  2.188487000000000000e+06
271 4337 3.564714e-02 1.466312e+00  9.352320000000000000e+05  1.322922000000000000e+06  1.827705000000000000e+06  2.248913000000000000e+06
272 4353 3.583754e-02 1.466967e+00  9.352320000000000000e+05  1.706319000000000000e+06  1.940616500000000000e+06  2.186284000000000000e+06
273 4369 3.609886e-02 1.467022e+00  9.352320000000000000e+05  1.161620000000000000e+06  1.877035500000000000e+06  2.227811000000000000e+06
274 4385 3.651129e-02 1.470000e+00  9.352320000000000000e+05  1.694213000000000000e+06  1.979302000000000000e+06  2.248160000000000000e+06
275 4401 3.748790e-02 1.471195e+00  9.352320000000000000e+05  1.391495000000000000e+06  2.024448000000000000e+06  2.223380000000000000e+06
276 4417 3.852231e-02 1.471410e+00  9.352320000000000000e+05  1.564719000000000000e+06  1.860827500000000000e+06  2.256993000000000000e+06
277 4433 3.926959e-02 1.471303e+00  9.352320000000000000e+05  1.006629000000000000e+06  1.976239500000000000e+06  2.295885000000000000e+06
278 4449 3.987737e-02 1.471526e+00  9.352320000000000000e+05  1.192959000000000000e+06  2.049293000000000000e+06  2.284420000000000000e+06
279 4465 4.024418e-02 1.471324e+00  9.352320000000000000e+05  1.203521000000000000e+06  2.060895000000000000e+06  2.290984000000000000e+06
280 4481 4.055341e-02 1.472261e+00  9.352320000000000000e+05  1.531225000000000000e+06  2.174883500000000000e+06  2.295000000000000000e+06
281 4497 4.075936e-02 1.473299e+00  9.352320000000000000e+05  1.474363000000000000e+06  2.192328500000000000e+06  2.311464000000000000e+06
282 4513 4.056556e-02 1.474023e+00  9.352320000000000000e+05  1.459429000000000000e+06  2.090593000000000000e+06  2.301096000000000000e+06
283 4529 4.038827e-02 1.474688e+00  9.352320000000000000e+05  1.552683000000000000e+06  2.003907500000000000e+06  2.313646000000000000e+06
284 4545 4.022141e-02 1.473642e+00  9.352320000000000000e+05  1.473645000000000000e+06  1.968152500000000000e+06  2.295532000000000000e+06
285 4561 3.988935e-02 1.474205e+00  9.352320000000000000e+05  1.114619000000000000e+06  1.912052000000000000e+06  2.187128000000000000e+06
286 4577 3.942187e-02 1.474547e+00  9.352320000000000000e+05  1.293539000000000000e+06  2.037476500000000000e+06  2.263873000000000000e+06
287 4593 3.909718e-02 1.474581e+00  9.352320000000000000e+05  1.460748000000000000e+06  1.974095500000000000e+06  2.303951000000000000e+06
288 4609 3.893968e-02 1.475355e+00  9.352320000000000000e+05  1.407204000000000000e+06  1.971930500000000000e+06  2.292323000000000000e+06
289 4625 3.884341e-02 1.475547e+00  9.352320000000000000e+05  1.468243000000000000e+06  2.013650000000000000e+06  2.287504000000000000e+06
290 4641 3.864024e-02 1.475889e+00  9.352320000000000000e+05  1.257606000000000000e+06  1.852490500000000000e+06  2.187115000000000000e+06
291 4657 3.850245e-02 1.475644e+00  9.352320000000000000e+05  1.332438000000000000e+06  2.056357000000000000e+06  2.125458000000000000e+06
292 4673 3.814892e-02 1.477932e+00  9.352320000000000000e+05  1.420106000000000000e+06  1.940390500000000000e+06  2.358433000000000000e+06
293 4689 3.793941e-02 1.477429e+00  9.352320000000000000e+05  1.138109000000000000e+06  1.788167500000000000e+06  2.224056000000000000e+06
294 4705 3.795870e-02 1.477789e+00  9.352320000000000000e+05  1.683591000000000000e+06  1.993255500000000000e+06  2.225692000000000000e+06
295 4721 3.785853e-02 1.479088e+00  9.352320000000000000e+05  1.186420000000000000e+06  1.867467000000000000e+06  2.196230000000000000e+06
296 4737 3.805736e-02 1.480771e+00  9.352320000000000000e+05  1.358572000000000000e+06  1.855134500000000000e+06  2.103484000000000000e+06
297 4753 3.831700e-02 1.484068e+00  9.352320000000000000e+05  1.537284000000000000e+06  1.867945000000000000e+06  2.174020000000000000e+06
298 4769 3.872633e-02 1.486471e+00  9.352320000000000000e+05  1.167777000000000000e+06  1.901946000000000000e+06  2.229973000000000000e+06
299 4785 3.891623e-02 1.488218e+00  9.352320000000000000e+05  1.329324000000000000e+06  1.919805500000000000e+06  2.087240000000000000e+06
300 4801 3.925363e-02 1.488762e+00  9.352320000000000000e+05  1.182763000000000000e+06  1.748882500000000000e+06  2.129333000000000000e+06
301 4817 3.960566e-02 1.489342e+00  9.352320000000000000e+05  1.247660000000000000e+06  1.842149500000000000e+06  2.096961000000000000e+06
302 4833 3.976118e-02 1.491398e+00  9.352320000000000000e+05  1.720615000000000000e+06  1.914005500000000000e+06  2.295203000000000000e+06
303 4849 4.006604e-02 1.493790e+00  9.352320000000000000e+05  1.148835000000000000e+06  1.823042000000000000e+06  2.181357000000000000e+06
304 4865 4.023400e-02 1.494798e+00  9.352320000000000000e+05  1.150741000000000000e+06  1.646953500000000000e+06  2.215552000000000000e+06
305 4881 4.020604e-02 1.496528e+00  9.352320000000000000e+05  1.193274000000000000e+06  1.957085500000000000e+06  2.150226000000000000e+06
306 4897 4.003486e-02 1.497760e+00  9.352320000000000000e+05  9.706940000000000000e+05  2.056411500000000000e+06  2.531094000000000000e+06
307 4913 4.013695e-02 1.498700e+00  9.352320000000000000e+05  1.435805000000000000e+06  1.946130000000000000e+06  2.258311000000000000e+06
308 4929 3.998014e-02 1.499870e+00  9.352320000000000000e+05  1.334225000000000000e+06  1.875815500000000000e+06  2.319067000000000000e+06
309 4945 3.986021e-02 1.499568e+00  9.352320000000000000e+05  1.325183000000000000e+06  1.898920000000000000e+06  2.233258000000000000e+06
310 4961 3.989756e-02 1.501863e+00  9.352320000000000000e+05  1.254803000000000000e+06  2.059936000000000000e+06  2.296124000000000000e+06
311 4977 4.031976e-02 1.502610e+00  9.352320000000000000e+05  1.257139000000000000e+06  2.087155000000000000e+06  2.276989000000000000e+06
312 4993 4.083526e-02 1.503695e+00  9.352320000000000000e+05  1.356052000000000000e+06  1.833124500000000000e+06  2.291812000000000000e+06
313 5009 4.138536e-02 1.505439e+00  9.352320000000000000e+05  1.413947000000000000e+06  1.810920500000000000e+06  2.207560000000000000e+06
314 5025 4.178947e-02 1.506410e+00  9.352320000000000000e+05  1.299389000000000000e+06  1.904153500000000000e+06  2.198684000000000000e+06
315 5041 4.214576e-02 1.510078e+00  9.352320000000000000e+05  1.457779000000000000e+06  1.921225000000000000e+06  2.270772000000000000e+06
316 5057 4.217029e-02 1.513311e+00  9.352320000000000000e+05  1.514820000000000000e+06  1.946919500000000000e+06  2.259513000000000000e+06
317 5073 4.204719e-02 1.515870e+00  9.352320000000000000e+05  1.204616000000000000e+06  1.828210000000000000e+06  2.308922000000000000e+06
318 5089 4.234606e-02 1.519118e+00  8.215760000000000000e+05  8.215760000000000000e+05  1.741836000000000000e+06  2.175734000000000000e+06
319 5105 4.260589e-02 1.522938e+00  8.215760000000000000e+05  1.447073000000000000e+06  1.957081500000000000e+06  2.266798000000000000e+06
320 5121 4.293673e-02 1.528689e+00  8.215760000000000000e+05  1.195190000000000000e+06  1.946262000000000000e+06  2.304175000000000000e+06
321 5137 4.315137e-02 1.533002e+00  8.215760000000000000e+05  1.374823000000000000e+06  1.783485000000000000e+06  2.104386000000000000e+06
322 5153 4.317861e-02 1.537955e+00  8.215760000000000000e+05  1.218208000000000000e+06  1.908034500000000000e+06  2.167103000000000000e+06
323 5169 4.331886e-02 1.538607e+00  8.215760000000000000e+05  1.557545000000000000e+06  1.872830500000000000e+06  2.154270000000000000e+06
324 5185 4.345084e-02 1.543681e+00  8.215760000000000000e+05  1.440610000000000000e+06  1.908976500000000000e+06  2.191547000000000000e+06
325 5201 4.350457e-02 1.547790e+00  8.215760000000000000e+05  1.579941000000000000e+06  1.859229000000000000e+06  2.310855000000000000e+06
326 5217 4.350989e-02 1.549755e+00  8.215760000000000000e+05  1.341309000000000000e+06  1.853922500000000000e+06  2.238113000000000000e+06
327 5233 4.402079e-02 1.553486e+00  8.215760000000000000e+05  1.384498000000000000e+06  1.835310000000000000e+06  2.122926000000000000e+06
328 5249 4.461805e-02 1.557672e+00  8.215760000000000000e+05  1.526790000000000000e+06  1.938945000000000000e+06  2.265574000000000000e+06
329 5265 4.539067e-02 1.561396e+00  8.215760000000000000e+05  1.488501000000000000e+06  1.883621500000000000e+06  2.177816000000000000e+06
330 5281 4.622673e-02 1.565061e+00  8.215760000000000000e+05  1.555095000000000000e+06  1.872699000000000000e+06  2.221691000000000000e+06
331 5297 4.684663e-02 1.571915e+00  8.215760000000000000e+05  1.136460000000000000e+06  1.869666000000000000e+06  2.319972000000000000e+06
332 5313 4.706017e-02 1.573854e+00  8.215760000000000000e+05  1.569296000000000000e+06  2.010307500000000000e+06  2.186938000000000000e+06
333 5329 4.727419e-02 1.577025e+00  8.215760000000000000e+05  1.230280000000000000e+06  1.816286500000000000e+06  2.166094000000000000e+06
334 5345 4.729867e-02 1.580051e+00  8.215760000000000000e+05  1.292774000000000000e+06  1.901143000000000000e+06  2.202450000000000000e+06
335 5361 4.741295e-02 1.583674e+00  8.215760000000000000e+05  1.548316000000000000e+06  1.893973000000000000e+06  2.078653000000000000e+06
336 5377 4.775006e-02 1.586696e+00  8.215760000000000000e+05  1.746912000000000000e+06  1.916110500000000000e+06  2.251444000000000000e+06
337 5393 4.788698e-02 1.587899e+00  8.215760000000000000e+05  1.372662000000000000e+06  1.720171000000000000e+06  2.139202000000000000e+06
338 5409 4.773556e-02 1.588455e+00  8.215760000000000000e+05  1.310907000000000000e+06  1.919089000000000000e+06  2.283134000000000000e+06
339 5425 4.747214e-02 1.589680e+00  8.215760000000000000e+05  1.624503000000000000e+06  1.890440500000000000e+06  2.279165000000000000e+06
340 5441 4.721778e-02 1.589450e+00  8.215760000000000000e+05  1.265122000000000000e+06  1.982547500000000000e+06  2.276502000000000000e+06
341 5457 4.693912e-02 1.590704e+00  8.215760000000000000e+05  1.629285000000000000e+06  1.961472500000000000e+06  2.167811000000000000e+06
342 5473 4.659948e-02 1.590992e+00  8.215760000000000000e+05  1.483318000000000000e+06  1.909582500000000000e+06  2.148327000000000000e+06
343 5489 4.623638e-02 1.591456e+00  8.215760000000000000e+05  1.727445000000000000e+06  1.981884000000000000e+06  2.297155000000000000e+06
344 5505 4.578977e-02 1.592361e+00  8.215760000000000000e+05  1.062578000000000000e+06  1.845846500000000000e+06  2.194282000000000000e+06
345 5521 4.541446e-02 1.593288e+00  8.215760000000000000e+05  1.580011000000000000e+06  1.871625500000000000e+06  2.216386000000000000e+06
346 5537 4.520821e-02 1.593253e+00  8.215760000000000000e+05  1.341158000000000000e+06  1.909432000000000000e+06  2.188860000000000000e+06
347 5553 4.486418e-02 1.593873e+00  8.215760000000000000e+05  1.273273000000000000e+06  1.750702000000000000e+06  2.143358000000000000e+06
348 5569 4.487969e-02 1.596264e+00  8.215760000000000000e+05  1.038448000000000000e+06  1.975195500000000000e+06  2.220710000000000000e+06
349 5585 4.496141e-02 1.598551e+00  8.215760000000000000e+05  1.582794000000000000e+06  1.894618500000000000e+06  2.256233000000000000e+06
350 5601 4.512689e-02 1.599747e+00  8.215760000000000000e+05  1.266433000000000000e+06  1.886586000000000000e+06  2.308827000000000000e+06
351 5617 4.520786e-02 1.601395e+00  8.215760000000000000e+05  1.520652000000000000e+06  1.877986000000000000e+06  2.102793000000000000e+06
352 5633 4.560640e-02 1.604379e+00  8.215760000000000000e+05  1.393689000000000000e+06  1.878488000000000000e+06  2.120747000000000000e+06
353 5649 4.643675e-02 1.608352e+00  8.215760000000000000e+05  1.076465000000000000e+06  1.822435500000000000e+06  2.147420000000000000e+06
354 5665 4.709591e-02 1.612967e+00  8.215760000000000000e+05  1.470141000000000000e+06  1.960143500000000000e+06  2.268901000000000000e+06
355 5681 4.777702e-02 1.615048e+00  8.215760000000000000e+05  1.461691000000000000e+06  1.994814500000000000e+06  2.236851000000000000e+06
356 5697 4.829292e-02 1.617404e+00  8.215760000000000000e+05  1.481141000000000000e+06  2.043727500000000000e+06  2.213843000000000000e+06
357 5713 4.881961e-02 1.620245e+00  8.215760000000000000e+05  1.438165000000000000e+06  1.974357000000000000e+06  2.296669000000000000e+06
358 5729 4.893659e-02 1.621317e+00  8.215760000000000000e+05  1.722001000000000000e+06  2.026682500000000000e+06  2.250850000000000000e+06
359 5745 4.888132e-02 1.621990e+00  8.215760000000000000e+05  1.376820000000000000e+06  1.964340000000000000e+06  2.270555000000000000e+06
360 5761 4.886266e-02 1.624019e+00  8.215760000000000000e+05  1.725769000000000000e+06  1.990648500000000000e+06  2.210294000000000000e+06
361 5777 4.877264e-02 1.623963e+00  8.215760000000000000e+05  1.099362000000000000e+06  2.016579000000000000e+06  2.252937000000000000e+06
362 5793 4.859478e-02 1.625617e+00  8.215760000000000000e+05  1.292951000000000000e+06  1.746397500000000000e+06  2.149864000000000000e+06
363 5809 4.846475e-02 1.624911e+00  8.215760000000000000e+05  1.418912000000000000e+06  1.959688000000000000e+06  2.183253000000000000e+06
364 5825 4.851844e-02 1.626605e+00  8.215760000000000000e+05  1.537705000000000000e+06  1.952055000000000000e+06  2.348767000000000000e+06
365 5841 4.830790e-02 1.627893e+00  8.215760000000000000e+05  1.328261000000000000e+06  2.046067500000000000e+06  2.193510000000000000e+06
366 5857 4.783483e-02 1.629966e+00  8.215760000000000000e+05  1.392171000000000000e+06  2.042635500000000000e+06  2.204833000000000000e+06
367 5873 4.753564e-02 1.630938e+00  8.215760000000000000e+05  1.525826000000000000e+06  1.981924000000000000e+06  5.602447000000000000e+06
368 5889 4.709853e-02 1.631966e+00  8.215760000000000000e+05  1.230118000000000000e+06  1.983510000000000000e+06  2.303965000000000000e+06
369 5905 4.648255e-02 1.632548e+00  8.215760000000000000e+05  1.528342000000000000e+06  1.952433500000000000e+06  2.328267000000000000e+06
370 5921 4.596242e-02 1.633384e+00  8.215760000000000000e+05  1.373287000000000000e+06  1.861806500000000000e+06  2.081304000000000000e+06
371 5937 4.543002e-02 1.633364e+00  8.215760000000000000e+05  1.476901000000000000e+06  1.973912000000000000e+06  5.794964000000000000e+06
372 5953 4.480348e-02 1.633909e+00  8.215760000000000000e+05  1.213113000000000000e+06  1.903178500000000000e+06  2.264613000000000000e+06
373 5969 4.435292e-02 1.634696e+00  8.215760000000000000e+05  1.375800000000000000e+06  2.014716500000000000e+06  2.314111000000000000e+06
374 5985 4.379998e-02 1.638157e+00  8.215760000000000000e+05  1.172291000000000000e+06  2.028246000000000000e+06  2.276017000000000000e+06
375 6001 4.336765e-02 1.636641e+00  8.215760000000000000e+05  1.739153000000000000e+06  2.014621500000000000e+06  2.174229000000000000e+06
376 6017 4.329059e-02 1.637201e+00  8.215760000000000000e+05  1.333069000000000000e+06  2.025306500000000000e+06  2.428264000000000000e+06
377 6033 4.311062e-02 1.637028e+00  8.215760000000000000e+05  1.571611000000000000e+06  2.047369500000000000e+06  2.302686000000000000e+06
378 6049 4.277457e-02 1.636819e+00  8.215760000000000000e+05  1.256416000000000000e+06  1.968155500000000000e+06  2.287671000000000000e+06
379 6065 4.216146e-02 1.638360e+00  8.215760000000000000e+05  1.429396000000000000e+06  2.027458500000000000e+06  2.247766000000000000e+06
380 6081 4.151969e-02 1.639177e+00  8.215760000000000000e+05  1.276349000000000000e+06  1.999166000000000000e+06  2.231534000000000000e+06
381 6097 4.069838e-02 1.639016e+00  8.215760000000000000e+05  1.300016000000000000e+06  2.047223000000000000e+06  2.290288000000000000e+06
382 6113 3.977951e-02 1.639326e+00  8.215760000000000000e+05  1.312730000000000000e+06  2.039706500000000000e+06  2.245558000000000000e+06
383 6129 3.913270e-02 1.636802e+00  8.215760000000000000e+05  1.155704000000000000e+06  1.992372000000000000e+06  2.186999000000000000e+06
384 6145 3.855184e-02 1.637049e+00  8.215760000000000000e+05  1.103373000000000000e+06  1.954687500000000000e+06  2.297894000000000000e+06
385 6161 3.822571e-02 1.635412e+00  8.215760000000000000e+05  1.832897000000000000e+06  2.026781500000000000e+06  2.269364000000000000e+06
386 6177 3.760693e-02 1.635521e+00  8.215760000000000000e+05  1.513537000000000000e+06  1.954532000000000000e+06  2.215114000000000000e+06
387 6193 3.716866e-02 1.636751e+00  8.215760000000000000e+05  9.986870000000000000e+05  1.940334500000000000e+06  2.264859000000000000e+06
388 6209 3.672300e-02 1.636786e+00  8.215760000000000000e+05  1.325958000000000000e+06  1.979373000000000000e+06  2.148847000000000000e+06
389 6225 3.606398e-02 1.636594e+00  8.215760000000000000e+05  1.298224000000000000e+06  1.998555000000000000e+06  2.296316000000000000e+06
390 6241 3.556152e-02 1.637085e+00  8.215760000000000000e+05  1.533782000000000000e+06  2.015300000000000000e+06  2.220302000000000000e+06
391 6257 3.525822e-02 1.637438e+00  8.215760000000000000e+05  1.386096000000000000e+06  1.968761000000000000e+06  2.217227000000000000e+06
392 6273 3.484713e-02 1.637757e+00  8.215760000000000000e+05  1.360017000000000000e+06  1.870276000000000000e+06  2.257270000000000000e+06
393 6289 3.441699e-02 1.637501e+00  8.215760000000000000e+05  1.085327000000000000e+06  1.947037500000000000e+06  2.340997000000000000e+06
394 6305 3.377655e-02 1.635461e+00  8.215760000000000000e+05  1.200614000000000000e+06  1.842258500000000000e+06  2.256013000000000000e+06
395 6321 3.316721e-02 1.635612e+00  8.215760000000000000e+05  1.369805000000000000e+06  1.865503500000000000e+06  2.324086000000000000e+06
396 6337 3.259384e-02 1.635621e+00  8.215760000000000000e+05  1.670470000000000000e+06  1.915592000000000000e+06  2.343153000000000000e+06
397 6353 3.205412e-02 1.635944e+00  8.215760000000000000e+05  1.472775000000000000e+06  2.009406000000000000e+06  2.287327000000000000e+06
398 6369 3.176303e-02 1.635532e+00  8.215760000000000000e+05  1.479165000000000000e+06  1.904441000000000000e+06  2.282872000000000000e+06
399 6385 3.162527e-02 1.637968e+00  8.215760000000000000e+05  1.413721000000000000e+06  1.990409000000000000e+06  2.233154000000000000e+06
400 6401 3.165823e-02 1.638534e+00  8.215760000000000000e+05  1.365060000000000000e+06  1.970403500000000000e+06  2.205083000000000000e+06
401 6417 3.149754e-02 1.639079e+00  8.215760000000000000e+05  1.445326000000000000e+06  1.944835500000000000e+06  2.394141000000000000e+06
402 6433 3.143765e-02 1.640384e+00  8.215760000000000000e+05  1.426604000000000000e+06  1.657873000000000000e+06  2.241754000000000000e+06
403 6449 3.133234e-02 1.640740e+00  8.215760000000000000e+05  1.215663000000000000e+06  1.979322500000000000e+06  2.252548000000000000e+06
404 6465 3.126052e-02 1.642167e+00  8.215760000000000000e+05  1.271345000000000000e+06  1.925529500000000000e+06  2.207805000000000000e+06
405 6481 3.111924e-02 1.643352e+00  8.215760000000000000e+05  1.393687000000000000e+06  1.845436500000000000e+06  2.182474000000000000e+06
406 6497 3.117899e-02 1.642343e+00  8.215760000000000000e+05  1.577006000000000000e+06  1.851520000000000000e+06  2.146248000000000000e+06
407 6513 3.096880e-02 1.642696e+00  8.215760000000000000e+05  1.318942000000000000e+06  1.704690000000000000e+06  2.112823000000000000e+06
408 6529 3.087585e-02 1.643364e+00  8.215760000000000000e+05  1.484990000000000000e+06  1.789126000000000000e+06  2.228229000000000000e+06
409 6545 3.068899e-02 1.644174e+00  8.215760000000000000e+05  1.289936000000000000e+06  1.986702500000000000e+06  2.123670000000000000e+06
410 6561 3.060722e-02 1.646533e+00  8.215760000000000000e+05  1.126520000000000000e+06  1.904571500000000000e+06  2.198363000000000000e+06
411 6577 3.080748e-02 1.646709e+00  8.215760000000000000e+05  1.387738000000000000e+06  1.905894000000000000e+06  2.231246000000000000e+06
412 6593 3.106840e-02 1.647621e+00  8.215760000000000000e+05  1.374286000000000000e+06  1.916143500000000000e+06  2.099868000000000000e+06
413 6609 3.124582e-02 1.648550e+00  8.215760000000000000e+05  1.161500000000000000e+06  1.868148000000000000e+06  2.179689000000000000e+06
414 6625 3.142267e-02 1.649799e+00  8.215760000000000000e+05  1.108156000000000000e+06  1.734766000000000000e+06  2.101368000000000000e+06
415 6641 3.156511e-02 1.649977e+00  8.215760000000000000e+05  1.452887000000000000e+06  1.957055000000000000e+06  2.147377000000000000e+06
416 6657 3.149093e-02 1.650886e+00  8.215760000000000000e+05  1.662336000000000000e+06  1.875196000000000000e+06  2.087508000000000000e+06
417 6673 3.137927e-02 1.649551e+00  8.215760000000000000e+05  1.319831000000000000e+06  1.873155500000000000e+06  2.185516000000000000e+06
418 6689 3.128672e-02 1.648629e+00  8.215760000000000000e+05  1.126790000000000000e+06  1.895602500000000000e+06  2.099641000000000000e+06
419 6705 3.112503e-02 1.651613e+00  8.215760000000000000e+05  1.219098000000000000e+06  1.937136500000000000e+06  2.184564000000000000e+06
420 6721 3.115614e-02 1.651457e+00  8.215760000000000000e+05  1.116693000000000000e+06  1.868120500000000000e+06  2.293792000000000000e+06
421 6737 3.143707e-02 1.652916e+00  8.215760000000000000e+05  1.103872000000000000e+06  1.731698500000000000e+06  2.189137000000000000e+06
422 6753 3.200169e-02 1.655506e+00  8.215760000000000000e+05  1.305070000000000000e+06  1.900763000000000000e+06  2.266027000000000000e+06
423 6769 3.239957e-02 1.657787e+00  8.215760000000000000e+05  1.383575000000000000e+06  1.869018000000000000e+06  2.304938000000000000e+06
424 6785 3.290784e-02 1.660375e+00  8.215760000000000000e+05  1.394322000000000000e+06  1.772299000000000000e+06  2.136718000000000000e+06
425 6801 3.296971e-02 1.661647e+00  8.215760000000000000e+05  1.370206000000000000e+06  1.817230000000000000e+06  2.283696000000000000e+06
426 6817 3.324485e-02 1.663151e+00  8.215760000000000000e+05  1.216838000000000000e+06  1.712406500000000000e+06  2.153888000000000000e+06
427 6833 3.356570e-02 1.665867e+00  8.215760000000000000e+05  1.306416000000000000e+06  1.881343000000000000e+06  2.205012000000000000e+06
428 6849 3.370785e-02 1.666962e+00  8.215760000000000000e+05  1.530100000000000000e+06  1.924909500000000000e+06  2.297945000000000000e+06
429 6865 3.396856e-02 1.668026e+00  8.215760000000000000e+05  1.363010000000000000e+06  1.931388500000000000e+06  2.111597000000000000e+06
430 6881 3.413321e-02 1.669558e+00  8.215760000000000000e+05  1.280732000000000000e+06  2.020139000000000000e+06  2.232216000000000000e+06
431 6897 3.424887e-02 1.670821e+00  8.215760000000000000e+05  1.765647000000000000e+06  2.037759500000000000e+06  2.150645000000000000e+06
432 6913 3.453221e-02 1.678618e+00  8.215760000000000000e+05  1.632468000000000000e+06  2.046404000000000000e+06  2.168156000000000000e+06
433 6929 3.477419e-02 1.681917e+00  8.215760000000000000e+05  1.574058000000000000e+06  1.939553500000000000e+06  2.272319000000000000e+06
434 6945 3.501751e-02 1.684981e+00  8.215760000000000000e+05  1.208334000000000000e+06  1.874002000000000000e+06  2.089972000000000000e+06
435 6961 3.515542e-02 1.687787e+00  8.215760000000000000e+05  1.293248000000000000e+06  2.038123000000000000e+06  2.194365000000000000e+06
436 6977 3.531360e-02 1.691422e+00  8.215760000000000000e+05  1.000742000000000000e+06  1.836369000000000000e+06  2.257806000000000000e+06
437 6993 3.558506e-02 1.693132e+00  8.215760000000000000e+05  1.484921000000000000e+06  1.852844500000000000e+06  2.242191000000000000e+06
438 7009 3.575301e-02 1.694624e+00  8.215760000000000000e+05  1.373639000000000000e+06  1.666257500000000000e+06  2.234169000000000000e+06
439 7025 3.627237e-02 1.695647e+00  8.215760000000000000e+05  1.156970000000000000e+06  1.975892500000000000e+06  2.121983000000000000e+06
440 7041 3.647278e-02 1.697301e+00  8.215760000000000000e+05  1.113717000000000000e+06  1.906859000000000000e+06  2.330768000000000000e+06
441 7057 3.663604e-02 1.696743e+00  8.215760000000000000e+05  1.416437000000000000e+06  1.965594000000000000e+06  2.213053000000000000e+06
442 7073 3.691126e-02 1.698627e+00  8.215760000000000000e+05  1.721979000000000000e+06  1.839778000000000000e+06  2.153929000000000000e+06
443 7089 3.718241e-02 1.701026e+00  8.215760000000000000e+05  1.247709000000000000e+06  1.870157500000000000e+06  2.070411000000000000e+06
444 7105 3.747811e-02 1.702551e+00  8.215760000000000000e+05  1.167232000000000000e+06  1.949628500000000000e+06  2.123256000000000000e+06
445 7121 3.787930e-02 1.706130e+00  8.215760000000000000e+05  1.280794000000000000e+06  1.780708000000000000e+06  2.132862000000000000e+06
446 7137 3.827096e-02 1.708690e+00  8.215760000000000000e+05  1.502635000000000000e+06  1.907803500000000000e+06  2.298472000000000000e+06
447 7153 3.840604e-02 1.709084e+00  8.215760000000000000e+05  1.279653000000000000e+06  1.865056500000000000e+06  2.246558000000000000e+06
448 7169 3.857472e-02 1.710844e+00  8.215760000000000000e+05  1.054372000000000000e+06  1.928380500000000000e+06  2.237984000000000000e+06
449 7185 3.875264e-02 1.711905e+00  8.215760000000000000e+05  1.202121000000000000e+06  2.012116000000000000e+06  2.314315000000000000e+06
450 7201 3.917060e-02 1.715109e+00  8.215760000000000000e+05  1.546452000000000000e+06  1.953287500000000000e+06  2.323454000000000000e+06
451 7217 3.966753e-02 1.719456e+00  8.215760000000000000e+05  1.446502000000000000e+06  1.946437500000000000e+06  2.149993000000000000e+06
452 7233 4.015505e-02 1.723149e+00  8.215760000000000000e+05  1.543917000000000000e+06  1.891515500000000000e+06  2.088481000000000000e+06
453 7249 4.070864e-02 1.728176e+00  8.215760000000000000e+05  1.296856000000000000e+06  1.839889000000000000e+06  2.144069000000000000e+06
454 7265 4.121140e-02 1.733011e+00  8.215760000000000000e+05  1.327939000000000000e+06  1.997709000000000000e+06  2.246721000000000000e+06
455 7281 4.169411e-02 1.736930e+00  8.215760000000000000e+05  1.331929000000000000e+06  1.956310000000000000e+06  2.175333000000000000e+06
456 7297 4.227499e-02 1.742578e+00  8.215760000000000000e+05  1.282621000000000000e+06  1.985738500000000000e+06  2.284312000000000000e+06
457 7313 4.268078e-02 1.747067e+00  8.215760000000000000e+05  1.416308000000000000e+06  2.018961000000000000e+06  2.316972000000000000e+06
458 7329 4.317603e-02 1.750618e+00  8.215760000000000000e+05  1.473604000000000000e+06  2.010520000000000000e+06  2.346398000000000000e+06
459 7345 4.344020e-02 1.753289e+00  8.215760000000000000e+05  1.482561000000000000e+06  2.049960500000000000e+06  2.276465000000000000e+06
460 7361 4.374982e-02 1.755901e+00  8.215760000000000000e+05  1.465693000000000000e+06  1.957700500000000000e+06  2.268055000000000000e+06
461 7377 4.411993e-02 1.758079e+00  8.215760000000000000e+05  1.559608000000000000e+06  2.109975000000000000e+06  2.333928000000000000e+06
462 7393 4.454982e-02 1.759829e+00  8.215760000000000000e+05  1.097290000000000000e+06  2.075064500000000000e+06  2.463923000000000000e+06
463 7409 4.496701e-02 1.759929e+00  8.215760000000000000e+05  1.463635000000000000e+06  1.937730500000000000e+06  2.184737000000000000e+06
464 7425 4.490279e-02 1.761206e+00  8.215760000000000000e+05  1.433662000000000000e+06  1.948195000000000000e+06  2.136193000000000000e+06
465 7441 4.493957e-02 1.761657e+00  8.215760000000000000e+05  1.334339000000000000e+06  1.859860500000000000e+06  2.277374000000000000e+06
466 7457 4.471707e-02 1.763056e+00  8.215760000000000000e+05  1.673068000000000000e+06  1.944128000000000000e+06  2.216893000000000000e+06
467 7473 4.443010e-02 1.764997e+00  8.215760000000000000e+05  1.292235000000000000e+06  1.940653000000000000e+06  2.347038000000000000e+06
468 7489 4.433864e-02 1.765437e+00  8.215760000000000000e+05  1.550635000000000000e+06  2.048456500000000000e+06  2.255238000000000000e+06
469 7505 4.435150e-02 1.765990e+00  8.215760000000000000e+05  1.572772000000000000e+06  1.857247000000000000e+06  2.212862000000000000e+06
470 7521 4.421755e-02 1.768131e+00  8.215760000000000000e+05  1.366214000000000000e+06  2.001842000000000000e+06  2.289886000000000000e+06
471 7537 4.402402e-02 1.769347e+00  8.215760000000000000e+05  1.272581000000000000e+06  1.996543500000000000e+06  2.200368000000000000e+06
472 7553 4.401390e-02 1.771823e+00  8.215760000000000000e+05  1.522255000000000000e+06  2.081838000000000000e+06  2.277248000000000000e+06
473 7569 4.425745e-02 1.776668e+00  8.215760000000000000e+05  1.435108000000000000e+06  1.994066000000000000e+06  2.280491000000000000e+06
474 7585 4.445780e-02 1.778753e+00  8.215760000000000000e+05  1.549190000000000000e+06  1.920960500000000000e+06  3.171267000000000000e+06
475 7601 4.442026e-02 1.779873e+00  8.215760000000000000e+05  1.519981000000000000e+06  1.868820500000000000e+06  2.300578000000000000e+06
476 7617 4.423371e-02 1.782046e+00  8.215760000000000000e+05  1.221438000000000000e+06  1.987723000000000000e+06  2.283452000000000000e+06
477 7633 4.431446e-02 1.783694e+00  8.215760000000000000e+05  1.450005000000000000e+06  1.909938000000000000e+06  2.364430000000000000e+06
478 7649 4.418302e-02 1.785649e+00  8.215760000000000000e+05  1.348202000000000000e+06  1.949184500000000000e+06  2.230171000000000000e+06
479 7665 4.399643e-02 1.787885e+00  8.215760000000000000e+05  1.511667000000000000e+06  2.056022000000000000e+06  2.281543000000000000e+06
480 7681 4.422471e-02 1.790761e+00  8.215760000000000000e+05  1.504035000000000000e+06  1.961920000000000000e+06  2.241582000000000000e+06
481 7697 4.470822e-02 1.792992e+00  8.215760000000000000e+05  1.727136000000000000e+06  2.060761500000000000e+06  2.273358000000000000e+06
482 7713 4.514778e-02 1.794379e+00  8.215760000000000000e+05  1.510062000000000000e+06  1.976070500000000000e+06  2.252438000000000000e+06
483 7729 4.572441e-02 1.795750e+00  8.215760000000000000e+05  1.521196000000000000e+06  1.922731500000000000e+06  2.248059000000000000e+06
484 7745 4.643411e-02 1.797527e+00  8.215760000000000000e+05  1.488005000000000000e+06  1.979861000000000000e+06  2.290021000000000000e+06
485 7761 4.680267e-02 1.797936e+00  8.215760000000000000e+05  1.661515000000000000e+06  2.073167000000000000e+06  2.441795000000000000e+06
486 7777 4.715872e-02 1.799558e+00  8.215760000000000000e+05  1.731440000000000000e+06  2.048379000000000000e+06  2.345083000000000000e+06
487 7793 4.778128e-02 1.800289e+00  8.215760000000000000e+05  1.802125000000000000e+06  2.113130000000000000e+06  2.300266000000000000e+06
488 7809 4.817170e-02 1.801704e+00  8.215760000000000000e+05  1.236046000000000000e+06  2.030039000000000000e+06  2.270255000000000000e+06
489 7825 4.885054e-02 1.802664e+00  8.215760000000000000e+05  9.629000000000000000e+05  1.860456500000000000e+06  2.040665000000000000e+06
490 7841 4.965521e-02 1.804207e+00  8.215760000000000000e+05  1.382599000000000000e+06  1.964156500000000000e+06  2.263484000000000000e+06
491 7857 5.029184e-02 1.806223e+00  8.215760000000000000e+05  1.547479000000000000e+06  2.030123500000000000e+06  2.261012000000000000e+06
492 7873 5.069479e-02 1.807653e+00  8.215760000000000000e+05  1.417100000000000000e+06  1.951829500000000000e+06  2.271872000000000000e+06
493 7889 5.068528e-02 1.807882e+00  8.215760000000000000e+05  1.741357000000000000e+06  2.119831000000000000e+06  2.360811000000000000e+06
494 7905 5.068741e-02 1.808060e+00  8.215760000000000000e+05  1.526248000000000000e+06  2.055960500000000000e+06  2.465633000000000000e+06
495 7921 5.080266e-02 1.808174e+00  8.215760000000000000e+05  1.562760000000000000e+06  2.008454500000000000e+06  2.258413000000000000e+06
496 7937 5.054413e-02 1.808958e+00  8.215760000000000000e+05  1.549776000000000000e+06  2.136983500000000000e+06  2.508001000000000000e+06
497 7953 5.092048e-02 1.809347e+00  8.215760000000000000e+05  1.334689000000000000e+06  2.070388000000000000e+06  2.193680000000000000e+06
498 7969 5.111069e-02 1.809329e+00  8.215760000000000000e+05  1.549211000000000000e+06  1.935315500000000000e+06  2.176503000000000000e+06
499 7985 5.105817e-02 1.810768e+00  8.215760000000000000e+05  1.278947000000000000e+06  2.123650000000000000e+06  2.314446000000000000e+06
500 8001 5.121119e-02 1.810064e+00  8.215760000000000000e+05  1.701995000000000000e+06  2.101187000000000000e+06  2.242299000000000000e+06
